,percip_mm,humidity,temp,leafwet450_min,leafwet460_min,leafwet_lwscnt,gusts_ms,wind_dir,wind_ms
2013-11-24 00:00:00,0.051239049237,0.166240303184,0.118315077187,0.860669723754,0.234884311523,327.375466862,0.974962870415,106.672087082,0.738673945557
2013-11-24 02:00:00,0.0473796773684,0.220972103433,7.96824181432,0.1043552618,0.410321737076,427.201168955,2.11402449561,12.2822549943,1.61711721123
2013-11-24 04:00:00,0.0539244316568,0.424659258105,4.53497265527,0.598531794649,0.212607341517,393.275315011,1.77771811122,134.816882477,1.22665521188
2013-11-24 06:00:00,0.0656664146529,0.375321490921,15.0849172494,0.0922837578737,0.0702601884456,5.79414774661,1.44507772554,14.4069835126,1.80469393187
2013-11-24 08:00:00,0.0430048613068,0.109909060672,1.50024671536,0.202711066884,0.625374010836,363.70601505,2.56566004668,130.788056015,0.0692182662207
2013-11-24 10:00:00,0.00659385644451,0.438790395306,14.5488076632,0.235464949001,0.525932299643,87.0134247261,0.279893123851,68.9525698287,0.630910502191
2013-11-24 12:00:00,0.0308538918863,0.293906702326,11.6355201017,0.885622618387,0.103512175117,93.70453302,0.612332901891,46.9619900748,2.03603783198
2013-11-24 14:00:00,0.0715432024734,0.434685380134,2.27993004149,0.447207736011,0.62733067329,334.993171404,1.65734224665,79.0932528387,1.50537957311
2013-11-24 16:00:00,0.0753150486154,0.196373488621,7.16383596962,0.463936142805,0.297889303459,273.44291494,3.19688962055,112.102077654,1.13464346024
2013-11-24 18:00:00,0.0556947052251,0.20581522534,7.50547645598,0.533011082177,0.235981936119,306.046786871,1.97516642988,18.5449641734,1.78676975296
2013-11-24 20:00:00,0.0102787295176,0.295379570387,9.24506831515,0.803912736557,0.585454026595,279.243749692,0.805925924054,80.3998356989,1.03350403291
2013-11-24 22:00:00,0.0349880336565,0.0410447151048,15.2102951148,0.0270877962985,0.076627109444,297.136540886,0.688986822396,85.7904284638,1.64933744249
2013-11-25 00:00:00,0.0300933657492,0.0548618689863,10.7535186729,0.343844605765,0.288044440428,233.039752495,3.21836168528,84.1667023752,1.75917539248
2013-11-25 02:00:00,0.0710870457287,0.144412627508,12.3245394194,0.348359506191,0.09631349849,258.90563429,2.74031793373,28.6024695091,2.40281730461
2013-11-25 04:00:00,0.0497278809996,0.289614069742,4.25536882752,0.452449354763,0.12410937533,25.2112375685,2.57851915109,53.5197479998,0.278228669539
2013-11-25 06:00:00,0.0474781160037,0.425050821279,6.80245180513,0.0583971525552,0.232652592338,328.650747739,0.479838561223,1.65036850222,1.07631352407
2013-11-25 08:00:00,0.00469314733668,0.142123928633,3.21157857494,0.513602813009,0.491934125942,142.788135836,0.802605522503,66.1723952161,1.75656942379
2013-11-25 10:00:00,0.00364563076596,0.49695308323,4.17258268903,0.507201081937,0.371242376346,21.3593195688,3.02618220398,71.5180715638,0.0168810547775
2013-11-25 12:00:00,0.069548705044,0.499189689583,15.4707622958,0.57820423684,0.232913786424,393.905893005,0.450073936805,68.8494615924,0.967029887376
2013-11-25 14:00:00,0.0335200375472,0.331008146885,5.38068077567,0.643232774237,0.0734111050254,73.1865578601,3.35289239461,93.6125280718,1.70344206587
2013-11-25 16:00:00,0.0419586892055,0.231833433726,9.40205469737,0.110634419549,0.60291454724,225.392865312,2.54652160024,28.5053331267,2.39809463808
2013-11-25 18:00:00,0.0482653767154,0.140524310763,3.33498562273,0.0853396392531,0.176014337109,273.236170031,0.28100799875,57.682704231,0.574346843574
2013-11-25 20:00:00,0.0482719867074,0.507074729322,6.48931614936,0.968117622609,0.39062164792,104.245263596,1.18103891548,22.5714961743,0.613012705131
2013-11-25 22:00:00,0.0685661975323,0.541988857671,3.27845392145,0.0647029457664,0.10558232563,4.4195090151,0.572655604707,0.626903430528,1.20652961632
2013-11-26 00:00:00,0.0214704491375,0.0709413949036,14.7915275426,0.202963045806,0.130645411677,125.633855357,0.727627848052,111.744761684,0.73752410025
2013-11-26 02:00:00,0.0736324400046,0.167639886193,3.3192696425,0.727475593813,0.289886557276,209.637465433,1.02271607317,48.1233573423,2.13791326111
2013-11-26 04:00:00,0.0694583927246,0.393877841111,1.46714450862,0.184660754474,0.0414715378354,344.804852618,0.759036433005,117.362131514,1.07736343588
2013-11-26 06:00:00,0.0675506264884,0.338726521069,4.55062020879,0.80682569065,0.56069669803,101.704465266,2.4456961657,84.6139027705,1.90963441344
2013-11-26 08:00:00,0.0424235239882,0.114799108017,8.63106299745,0.383183406463,0.594038868779,280.875638789,2.77887436516,83.0484925516,2.65304353529
2013-11-26 10:00:00,0.026183510786,0.23402888461,10.9948785329,0.484356965984,0.513642863491,422.195206247,3.1456271,102.871762538,2.56786495438
2013-11-26 12:00:00,0.027720220087,0.0977737613693,3.45174457553,0.791738016789,0.311268243744,195.89878451,2.41570189248,85.0090095398,0.417646090536
2013-11-26 14:00:00,0.0695501015758,0.188628452268,12.6696323152,0.162565327428,0.232959602527,413.150370746,3.32031800022,55.0080131875,2.68519828774
2013-11-26 16:00:00,0.00983930030254,0.53906212721,12.8065315116,0.881334338773,0.00164318909208,310.273692837,0.265057390804,93.9733375523,2.12091509991
2013-11-26 18:00:00,0.0297632782369,0.0573731972064,10.9476108007,0.0931194427509,0.134724019953,124.361367487,2.56465317931,109.047940714,0.0756706206797
2013-11-26 20:00:00,0.0526494553242,0.438390952293,14.5502245573,0.543969575618,0.593274589798,81.7825089614,0.0995982812738,85.2121062313,2.51395803438
2013-11-26 22:00:00,0.000912573586781,0.548213304765,13.2906398992,0.345408844316,0.210284003403,241.632581834,0.715111559851,104.975384185,0.795873771107
2013-11-27 00:00:00,0.0558365518558,0.425627493812,9.48519344651,0.549392338508,0.359079215767,57.0641330988,1.83446043868,117.883668648,1.9882362618
2013-11-27 02:00:00,0.0747337668089,0.187383519827,8.5242084428,0.327016681221,0.567179631971,161.008812243,0.781726878315,23.3798661446,1.86201061329
2013-11-27 04:00:00,0.0725546940096,0.0919701691294,3.51250613613,0.307235838234,0.617407332928,52.6825896779,0.0727424119336,112.852503635,1.11467571439
2013-11-27 06:00:00,0.0628680886915,0.396253658823,5.56414102363,0.689196691931,0.0398154621705,128.522903427,1.42860899877,112.779677507,2.69487608863
2013-11-27 08:00:00,0.0575054779626,0.46752985284,0.347125015456,0.119126238728,0.570434595029,445.62061437,2.90051044125,106.776972898,1.26343430456
2013-11-27 10:00:00,0.0365443331958,0.112508823274,1.82658873863,0.676616315142,0.528946443514,188.389979919,3.10722835773,121.161588068,1.61601402003
2013-11-27 12:00:00,0.0331130510854,0.291793028157,4.31049225881,0.638687161892,0.491000559885,320.532470211,3.0952152735,64.7855556925,2.57231785047
2013-11-27 14:00:00,0.027238771302,0.162947159118,0.288415672116,0.643670023833,0.541375955628,370.121806969,2.94354475014,13.6000767241,0.625491762864
2013-11-27 16:00:00,0.022831328411,0.413883509719,4.05140038847,0.806035138674,0.282679656208,161.594791898,2.59777040484,43.0230564106,1.72499663249
2013-11-27 18:00:00,0.0495634031703,0.471802254784,13.579877391,0.0741366799669,0.0438862930349,391.254567227,1.9498452724,25.0581877933,0.54376972241
2013-11-27 20:00:00,0.0189678894836,0.315311612,2.97861854068,0.183345989126,0.583676545559,133.431886547,0.163660109865,56.5978660607,2.61861087344
2013-11-27 22:00:00,0.0677009377759,0.379661516075,1.65071586997,0.0185996486383,0.383266870983,297.143735119,1.10980401118,37.8043097403,1.23467423036
2014-01-23 00:00:00,0.0679497982016,0.167724262155,2.76682122461,0.770542469986,0.382852932446,110.646610076,1.67627414907,49.5138901398,2.79950195379
2014-01-23 02:00:00,0.0498595511716,0.144707979912,5.8165741207,0.978449761162,0.39858242884,409.918556105,2.94080554429,92.5134711097,1.56038903771
2014-01-23 04:00:00,0.00380316733794,0.376039740074,11.9564773644,0.518503796177,0.624074908906,323.031421218,0.408903357616,64.8491442745,1.89987100162
2014-01-23 06:00:00,0.02407651359,0.355637314801,13.683501748,0.117599955734,0.302014407991,13.83247938,1.4301200649,1.68884666683,0.600221377519
2014-01-23 08:00:00,0.00665917201156,0.161606230684,9.38143704331,0.386353853839,0.37894229446,209.102760705,1.59971047572,75.6618087147,1.97728869014
2014-01-23 10:00:00,0.0613218330387,0.226517509922,6.87502596428,0.478598020413,0.144298782829,46.408689965,3.32500231259,49.9351040043,0.212832949907
2014-01-23 12:00:00,0.0757875971933,0.526749620685,2.36726824772,0.461040316118,0.0808038857429,243.987622735,1.08879064756,124.556641229,0.389747397675
2014-01-23 14:00:00,0.0578110051631,0.437280748679,1.66890873192,0.0599011438314,0.594741622177,324.564732944,3.2646802778,10.2224489435,1.90512809199
2014-01-23 16:00:00,0.0421001846761,0.375763877243,7.50298074423,0.0209919510654,0.192663018155,173.202621692,0.802063561878,73.6702652215,0.115514805095
2014-01-23 18:00:00,0.0336601355045,0.0208513158321,5.00489087716,0.795095713768,0.594169545654,60.7925342592,2.04627231357,21.4980618227,0.478097216164
2014-01-23 20:00:00,0.0784122627552,0.0611162299951,0.30316410466,0.780123044291,0.467815195818,19.2909882704,0.794580767201,88.9367585338,0.308139595352
2014-01-23 22:00:00,0.041034902727,0.324668338485,10.8532901596,0.643779897289,0.434463266725,311.459029562,0.00916169292902,14.1725772541,0.502679407228
2014-01-24 00:00:00,0.000475245372745,0.0694626271153,13.8574737888,0.575435073625,0.573455256039,393.727380302,0.355184878182,73.7102721818,0.496912444709
2014-01-24 02:00:00,0.061449740885,0.0906159858958,7.03440714004,0.954604932431,0.0557485303924,88.8798670871,0.752706494475,92.0037276826,0.854620081115
2014-01-24 04:00:00,0.0340798744237,0.0592263938272,8.15902047229,0.192129115198,0.016941946745,89.6987275078,1.9387453116,1.4893359721,2.31163655887
2014-01-24 06:00:00,0.0669457124984,0.460301888174,3.15367406826,0.101788682751,0.61272262077,131.027917892,2.80964041348,21.4389828401,1.01250282487
2014-01-24 08:00:00,0.0439421292241,0.412570051379,13.2899201198,0.58953543578,0.240447563,313.498439251,0.684381295039,85.3476818251,1.14423531253
2014-01-24 10:00:00,0.064887992614,0.311678971856,1.07219261599,0.192047066451,0.550646452224,67.0209411554,2.35518710128,52.8663925546,1.99554887336
2014-01-24 12:00:00,0.069740285757,0.438521669248,4.88598475741,0.829772684373,0.329921526216,314.88684946,0.533437769089,56.089611915,0.12422973507
2014-01-24 14:00:00,0.0710256042552,0.283154753625,0.851923038225,0.970995197479,0.403513196001,105.292842782,3.19199548012,45.3989593075,1.42480608005
2014-01-24 16:00:00,0.0446455507176,0.509071728738,14.0010191358,0.769874860088,0.460577793546,240.468651208,1.31856888982,121.317189506,0.691347334246
2014-01-24 18:00:00,0.0234655859531,0.165087016784,15.1709917889,0.447596404399,0.527101832115,148.798235401,2.60855828342,33.5065733637,2.58344481833
2014-01-24 20:00:00,0.0607792122417,0.00418919814787,1.12188400564,0.895732731504,0.393420614474,43.9477316716,0.423434173885,23.7103129835,1.73655930369
2014-01-24 22:00:00,0.0182791415137,0.399004533226,7.43752034324,0.317218723631,0.188553430491,0.891969175365,1.91995198042,25.6584717119,0.57241159185
2014-01-25 00:00:00,0.00108551923109,0.0864848560066,5.34033831936,0.399466234635,0.0762397051527,312.871937079,3.19826901621,40.2263245973,2.32089839456
2014-01-25 02:00:00,0.00477424276731,0.311483224332,6.77605951934,0.495686391994,0.566817589342,409.386709579,1.89160035022,98.0490541951,2.54054767021
2014-01-25 04:00:00,0.0596410335031,0.200747976153,2.23124895799,0.513464109136,0.563053395026,352.055304919,3.32326717735,84.9425792654,2.2975589475
2014-01-25 06:00:00,0.00226172332592,0.420151196372,9.87258319169,0.11296823841,0.0118825413713,226.386741536,1.28917340087,24.4838034682,0.606651496433
2014-01-25 08:00:00,0.025101120392,0.243646233468,12.7294852796,0.447267173731,0.254465823159,212.239160355,0.799225385274,70.6108376581,1.08102517728
2014-01-25 10:00:00,0.0535982234183,0.110939074214,0.0182211967596,0.0818818221333,0.0977042210962,399.677141906,2.80783445629,1.66473374115,1.33911321879
2014-01-25 12:00:00,0.0245053705764,0.0876294436752,9.15356763496,0.849909223407,0.605275745989,362.058647686,2.52957824436,79.4725429598,0.352940637333
2014-01-25 14:00:00,0.00856435249799,0.27626906581,7.33814547887,0.717645831102,0.358334817935,16.8297823308,2.52158822112,92.23322948,1.5832040058
2014-01-25 16:00:00,0.0151147117885,0.188522574836,9.32033833613,0.097109800502,0.0447907346576,32.4522171703,2.82685032082,99.9544267992,2.22542749493
2014-01-25 18:00:00,0.0396372384434,0.429454349495,3.68429638276,0.288376675976,0.330967769756,407.702730007,1.76121440749,5.45093214563,0.27891421515
2014-01-25 20:00:00,0.00521809490075,0.3489133799,5.17064562447,0.588084298909,0.142903762687,105.992051894,0.888040911567,125.776624524,1.52250554025
2014-01-25 22:00:00,0.0112499169147,0.0448628766987,3.8678700649,0.389639478415,0.403180094435,236.646101542,1.18365584816,76.2319166191,1.27627716112
2014-01-26 00:00:00,0.0392338797073,0.0170328927019,0.846564872074,0.90646836855,0.239527342486,274.299785963,2.98923824765,5.99370779451,2.34666353299
2014-01-26 02:00:00,0.0308303389081,0.525088371421,6.04506449862,0.787056538295,0.396993763994,296.022991554,0.257971090082,86.5531552497,0.374083384864
2014-01-26 04:00:00,0.0232215765702,0.508406865383,8.54757924576,0.622978946228,0.437416045923,125.190995321,1.74684414467,89.7138345521,0.881168148737
2014-01-26 06:00:00,0.0320396733079,0.0354037408662,1.71464993015,0.168216750653,0.185368467584,423.65862893,1.58066127804,109.242362032,0.780782822579
2014-01-26 08:00:00,0.0609444786134,0.228110385324,8.77585025669,0.500204033139,0.0377716422368,89.4820978823,1.15852396337,75.3633277168,0.205727588105
2014-01-26 10:00:00,0.0205254154375,0.142559699444,1.37220589064,0.399047829114,0.154580760777,98.8018547476,2.26928155808,36.2730813028,2.56778410827
2014-01-26 12:00:00,0.0766091630212,0.193557941625,2.75359334588,0.532503086958,0.458485717027,66.1296918078,1.73337573724,104.906569289,2.02272649098
2014-01-26 14:00:00,0.0659245890854,0.0469206439447,2.7759101853,0.107661736124,0.0210795600099,145.053440271,0.512252934236,129.773338203,1.0185981864
2014-01-26 16:00:00,0.0529927844897,0.531883144407,8.8570226575,0.801325566008,0.495922713718,13.0192813758,1.38510981881,121.150169104,0.460276233519
2014-01-26 18:00:00,0.0680136839289,0.348675759037,6.64917177297,0.400981679739,0.170132168923,77.4215986588,2.15906743319,22.4347956619,2.59991303631
2014-01-26 20:00:00,0.0482871942029,0.018561132773,9.25908486924,0.989464353867,0.0193092292734,264.544629114,0.645727730325,2.22854363067,1.45013468969
2014-01-26 22:00:00,0.0401246241352,0.303548261294,1.9194372341,0.307027257113,0.379723758669,80.9191020862,1.1023800288,126.104130784,0.425047026329
2014-03-24 00:00:00,0.002935992576,0.469208904228,2.85501788888,0.654193006511,0.492853041804,316.994900677,0.578689827024,81.050727357,0.701915603081
2014-03-24 02:00:00,0.0433637874661,0.124775087936,8.52088383574,0.395328790819,0.387907552075,383.047973852,1.93459332777,104.240017702,0.178634364371
2014-03-24 04:00:00,0.0400560300718,0.2794915561,1.97966710143,0.310990696562,0.354581183208,304.538975667,0.224762562762,122.036929363,2.66504090727
2014-03-24 06:00:00,0.0409173289516,0.0352710646675,13.0436681872,0.93989550293,0.145841136741,383.522186237,1.63654675136,57.6601686752,0.662714686072
2014-03-24 08:00:00,0.0360008599421,0.130935369146,11.5309965167,0.565827193729,0.125393653605,135.620542719,1.19320049213,101.885653255,2.41223936262
2014-03-24 10:00:00,0.0432009713613,0.129102891091,4.78421136365,0.722530467514,0.0471772771374,237.817700814,1.85338821143,63.1633199576,0.580903831425
2014-03-24 12:00:00,0.0210505401876,0.183711146872,0.0924731759571,0.817339092189,0.583964627113,95.1655594368,0.459158871975,94.1892212965,0.156411707907
2014-03-24 14:00:00,0.0685181741999,0.3691797327,4.71260285243,0.939281981947,0.134876440291,193.474975583,2.2464378499,124.664594763,2.0983929539
2014-03-24 16:00:00,0.046738711317,0.20311483901,12.4652507344,0.313470425373,0.0541072592454,111.65876359,0.109835313769,42.0396415394,2.1576398428
2014-03-24 18:00:00,0.0519039717179,0.20721119179,12.4202242539,0.0650072736925,0.360653534487,401.175781614,1.86768664742,2.06713266004,2.26709338428
2014-03-24 20:00:00,0.0144408974452,0.0624817080723,9.62717612502,0.416407486218,0.314793014772,323.728510141,1.53922256561,41.9965713257,1.37695958056
2014-03-24 22:00:00,0.0721939203036,0.205261038021,9.13584976037,0.335896076761,0.0333286878756,80.1347730295,1.34649822266,12.0062339359,2.21036726748
2014-03-25 00:00:00,0.0468160067942,0.274587707231,11.6177325971,0.55632770134,0.121465341903,249.350976591,2.94102958247,83.9830082516,0.664197628143
2014-03-25 02:00:00,0.0630137510761,0.33135440661,2.22578657355,0.211638375734,0.00712289654899,50.5303440719,1.50878698446,78.5070014041,1.57237581902
2014-03-25 04:00:00,0.0258944769595,0.448492916097,10.2359850258,0.237396668134,0.00719421222939,197.152225098,0.0891543334972,42.6594362653,1.11627270755
2014-03-25 06:00:00,0.0708153721752,0.471933469985,2.43172341639,0.0903864168942,0.619204410567,183.855514466,1.98509902247,32.1214796247,0.113785784358
2014-03-25 08:00:00,0.063304188854,0.438599408549,2.57649970771,0.16204342973,0.295590622029,126.432518944,2.08101382026,74.9679805484,0.335105849592
2014-03-25 10:00:00,0.0485887810217,0.404252320988,8.26903599088,0.337442783396,0.20183034163,207.190151375,1.38965885856,6.41505065079,1.20938188652
2014-03-25 12:00:00,0.027480277162,0.517718722154,6.73167636807,0.862805368797,0.388230825759,108.110319475,2.96823965507,41.3535853706,0.00819602451789
2014-03-25 14:00:00,0.00862288045058,0.122266956079,1.7134078075,0.500783642786,0.508765468174,250.242280913,3.17509511757,124.9331226,0.447399323689
2014-03-25 16:00:00,0.0217588819046,0.0898713401712,8.5608197603,0.410119109704,0.00746173070759,335.861868385,1.87360850986,115.720101114,2.61216730403
2014-03-25 18:00:00,0.0755530533715,0.317391633388,14.0601714126,0.100925451166,0.529217238979,251.020470387,0.972078109073,75.4949528895,0.835706394893
2014-03-25 20:00:00,0.0735506953797,0.377375119625,9.7355019692,0.0666318300509,0.596544296471,333.635210663,2.86443394712,117.684362016,2.04283340957
2014-03-25 22:00:00,0.0353940971655,0.387105659959,2.58468710947,0.164369730303,0.350505662706,292.003197128,3.19248924384,133.9999212,1.33169745045
2014-03-26 00:00:00,0.0452636512935,0.239321016371,9.74072867181,0.224033950824,0.351221419431,259.879097635,3.13155986272,115.123915061,0.387144447341
2014-03-26 02:00:00,0.0333695246438,0.330076010597,2.21927799054,0.756219023539,0.335861393833,334.096487304,2.52124185596,7.39114364969,2.54067239009
2014-03-26 04:00:00,0.0334799381597,0.0129206571618,12.5044242549,0.527099925908,0.302851598896,171.536879673,1.76309050629,109.45291185,0.236314476723
2014-03-26 06:00:00,0.0218891457806,0.0879281584085,11.4914357686,0.557602647493,0.082700966826,149.317309094,2.35374036114,40.192927271,0.360811125443
2014-03-26 08:00:00,0.0724669066062,0.379382795559,1.24859616941,0.776226490511,0.124768117993,81.7447638163,1.49804060372,131.079113016,2.08082349019
2014-03-26 10:00:00,0.0161158713611,0.523799351084,14.6676770064,0.790001009694,0.223683270293,159.324839934,0.968087629011,82.3024768267,1.37656838826
2014-03-26 12:00:00,0.0544690125995,0.065477482527,12.5005120926,0.488033279416,0.189684207598,50.4250485188,1.38749618827,132.772450955,0.770762706392
2014-03-26 14:00:00,0.0156316860464,0.418152163036,8.66517662129,0.720126859393,0.63578873565,30.5128476642,2.246476794,74.068472796,0.445028736479
2014-03-26 16:00:00,0.003116333586,0.0140807391821,12.3913546454,0.690621695963,0.180692885693,132.516077065,3.33503136183,62.3579163433,2.42161315033
2014-03-26 18:00:00,0.0117468868318,0.0963624705195,4.45994796762,0.527189416933,0.388345341146,111.861145256,1.13947571876,34.0395702543,2.16436731061
2014-03-26 20:00:00,0.0282415041731,0.45894262621,5.16972429858,0.291351615385,0.261919752675,390.921131465,0.00696138197242,116.983945421,0.890887119218
2014-03-26 22:00:00,0.0776801039758,0.357247544977,3.92354639798,0.814129543127,0.0215136872714,211.516558157,3.09690008723,28.8603319382,0.460524971982
2014-03-27 00:00:00,0.0191564488015,0.396000825529,5.78071457555,0.406377358914,0.331464654854,420.821049268,0.335100082008,123.414137891,0.419280313948
2014-03-27 02:00:00,0.0195696044518,0.171006961471,14.9348109556,0.260440533646,0.369247933793,395.308773626,1.45011536753,77.1935599554,2.56717038783
2014-03-27 04:00:00,0.0599661999014,0.516017394271,14.8090812262,0.898365498347,0.0337758542579,404.939868235,3.05546480092,0.0794413870384,2.60435400528
2014-03-27 06:00:00,0.0131689532241,0.255399544491,15.3810094708,0.774435688121,0.629382918826,235.558534342,3.26463724829,59.2997645572,2.4855330837
2014-03-27 08:00:00,0.0258288000832,0.260339485668,1.59404111131,0.660282944144,0.388042961309,430.411912085,1.72763257402,130.246559617,2.6507504995
2014-03-27 10:00:00,0.0728726450015,0.17889785301,4.58198795322,0.101628056076,0.162846425575,89.4688154313,3.19559592661,101.117170412,0.87189317677
2014-03-27 12:00:00,0.00367519167568,0.433314532515,1.11716326369,0.842934497718,0.433372445297,24.6553905556,1.21441479788,37.3990945572,1.00567040626
2014-03-27 14:00:00,0.0580176518976,0.551822689536,6.14735475219,0.778533154703,0.351904132743,422.606614213,1.53764268655,34.4270739008,0.561939798218
2014-03-27 16:00:00,0.056737038101,0.35551077834,14.3700190016,0.932762131734,0.285283885671,201.117703309,2.83062042014,54.2633717242,0.408739638391
2014-03-27 18:00:00,0.00177387815505,0.271027134855,2.16486281448,0.579952800804,0.112142776678,234.544068326,1.4037622291,72.6588877696,1.60591146339
2014-03-27 20:00:00,0.050964610876,0.0202143795211,7.57207399164,0.688887883261,0.108070629802,407.443256502,1.57165299658,26.0465191079,2.49544023679
2014-03-27 22:00:00,0.0103843093597,0.260465560947,4.44819419615,0.503228418947,0.0172541952476,384.761226732,2.17882748089,13.7613476579,0.454341318494
2014-05-23 00:00:00,0.00879359259562,0.411352048695,3.68615833399,0.604165578939,0.269495553625,296.290364402,0.0383785336615,10.1992716884,2.52226303275
2014-05-23 02:00:00,0.0270581646544,0.122242981401,3.64883789609,0.363507474226,0.246023506702,272.482579173,3.12097656779,118.802079928,1.93150274953
2014-05-23 04:00:00,0.0119210474987,0.489532496016,12.2559113823,0.702324042817,0.0493990506725,366.249938788,3.15018168218,92.8859293836,0.923117415056
2014-05-23 06:00:00,0.0239232144382,0.288715746852,8.74866563075,0.449287162477,0.129970572289,3.5471144887,2.3040973409,9.36993392833,0.297697262758
2014-05-23 08:00:00,0.0265037745786,0.42065496211,13.0338691154,0.393397106167,0.396410828031,329.577522191,3.12283613795,85.4699214492,0.385676125377
2014-05-23 10:00:00,0.0144976081104,0.0466068351799,12.5422456562,0.384364917496,0.355291925343,366.67126506,0.869537788153,51.7225828299,2.49469571146
2014-05-23 12:00:00,0.0599950914548,0.465295565671,13.8966971953,0.467855177637,0.530647779177,86.1799337471,1.48092411989,57.4430333965,1.04771156385
2014-05-23 14:00:00,0.0197713525475,0.212224743714,5.30487501441,0.373501699069,0.484743380667,317.423280761,2.03554604379,67.9992207397,0.138482464034
2014-05-23 16:00:00,0.0113674928863,0.161359088367,1.36664403563,0.463120726058,0.594617794286,245.711199657,3.33717726918,63.6718006413,2.47019619571
2014-05-23 18:00:00,0.0693396893936,0.0797335714968,7.20499528919,0.603403767039,0.369051665348,386.585417231,2.75900447836,130.522231074,1.95582246951
2014-05-23 20:00:00,0.043356110562,0.322096803111,10.8256239477,0.426924935398,0.133818580051,272.198309687,2.87190881963,29.8165313103,0.339382423978
2014-05-23 22:00:00,0.0153802078572,0.195048536644,11.7661893596,0.160769572451,0.533649276433,153.856111283,0.482217747238,15.3821234288,0.83198732702
2014-05-24 00:00:00,0.0322751976374,0.383777751223,10.1499630334,0.756547139788,0.15627087614,308.114102067,2.09865310011,122.003006122,0.362993172469
2014-05-24 02:00:00,0.0106085438652,0.298635113564,2.66023679306,0.830389750629,0.468207473881,280.721520476,1.20173095609,64.9595006808,1.89026767033
2014-05-24 04:00:00,0.0198732225444,0.439082368776,5.99514990245,0.716022524894,0.399330201972,277.318941404,2.18010903827,130.055310307,2.55809406246
2014-05-24 06:00:00,0.0511244291368,0.1271187205,11.7509905722,0.30921470632,0.0127993643819,248.561080332,2.40620980669,132.817204183,0.0561833775191
2014-05-24 08:00:00,0.0718623888564,0.551093682247,15.4971942715,0.055026018285,0.443460371089,216.079854489,2.45034448849,110.208053387,1.49602349054
2014-05-24 10:00:00,0.0639204000029,0.171991898565,11.4808318857,0.00400404647605,0.260507303908,99.4549250161,2.58997506767,21.5484842581,1.09814501731
2014-05-24 12:00:00,0.0400890688003,0.0272605042442,4.62868942234,0.652427705842,0.514486179762,268.2830745,1.27708660559,122.064325351,2.31332117016
2014-05-24 14:00:00,0.0424910207581,0.374906182956,4.9642296998,0.859542885289,0.116292926176,346.75730091,1.61086588348,60.0729437235,2.66768455261
2014-05-24 16:00:00,0.0321524550257,0.346073560623,14.8580926346,0.689929706532,0.409126980834,192.914116564,1.26187438036,27.3406729423,2.58073990588
2014-05-24 18:00:00,0.0340491119753,0.27010092811,1.55904605235,0.887743253751,0.614193508207,230.766502575,0.22343042059,16.1881483566,0.909174782086
2014-05-24 20:00:00,0.0648354043246,0.233012070104,11.0521223829,0.579015105746,0.0107595428284,315.923042745,2.91072287867,65.4130198051,2.62582681196
2014-05-24 22:00:00,0.0113270819747,0.267828626703,3.22905364298,0.812183610023,0.315289357529,339.89396067,1.55805372859,27.358498815,1.95543694425
2014-05-25 00:00:00,0.071717679177,0.230273217949,5.79198299995,0.626203399873,0.325077518538,287.425189547,1.46326081713,103.937996601,2.53962569541
2014-05-25 02:00:00,0.0372305104366,0.0302617836446,14.0702178632,0.152301470234,0.449624302772,176.017345797,1.28022008735,129.852788485,0.820906030136
2014-05-25 04:00:00,0.0160335768264,0.244109435532,3.1870463505,0.260060836097,0.3094540952,249.87607738,0.111947599833,3.79231576139,1.40111474667
2014-05-25 06:00:00,0.042324859327,0.0769895374746,13.4883687927,0.516180500835,0.402281862075,157.986216068,0.500667803638,7.27456691031,1.34524708447
2014-05-25 08:00:00,0.0695805701718,0.017055655698,15.123141138,0.90981175912,0.33520996572,324.699886447,0.266908097969,76.6530570108,1.87994068929
2014-05-25 10:00:00,0.0368390624512,0.546576344654,8.02833352743,0.501808970572,0.260304169336,33.0211195555,2.04060260296,47.5094256092,1.81215829
2014-05-25 12:00:00,0.055168975507,0.346345857079,4.74714924677,0.139838196142,0.128336491754,280.716359319,0.995476826863,134.966838095,0.0340266372828
2014-05-25 14:00:00,0.04860666288,0.446164460001,5.88905920943,0.202154022166,0.145498748862,73.5372852017,0.363046538477,114.43137693,2.82643204728
2014-05-25 16:00:00,0.0724395130915,0.0408936852857,4.15720831286,0.475264513645,0.414980278218,44.0070967584,2.76798118645,82.3905935723,1.53382020119
2014-05-25 18:00:00,0.0331869537438,0.100779735041,14.7263865724,0.869560019387,0.161014714014,435.847274614,2.89548790261,8.20600479052,1.92561299385
2014-05-25 20:00:00,0.0594394349469,0.391811871342,12.0903372361,0.264584017346,0.546103084065,39.1051934817,0.171260790544,121.797988102,1.6575518371
2014-05-25 22:00:00,0.00985372458882,0.246494943441,2.51480335974,0.646282639182,0.458702727764,226.923474279,1.6692985877,32.6633817884,2.02450711182
2014-05-26 00:00:00,0.0358697956079,0.357642089873,7.81644414139,0.904963350372,0.11602763219,318.725004419,1.5767418293,78.4431574008,1.81227585532
2014-05-26 02:00:00,0.0326665456637,0.368750660724,6.96536694577,0.349727283027,0.0738290180737,263.039089587,2.54081523003,95.172458883,2.00479812431
2014-05-26 04:00:00,0.0506402290113,0.383449009257,8.38175303841,0.320915872159,0.409954126067,151.795044343,2.49809819265,13.1510604785,1.60083294721
2014-05-26 06:00:00,0.0612320967622,0.145032786253,14.9421459638,0.593883895713,0.204654373574,185.065237868,2.42383524973,105.009922556,1.81056883976
2014-05-26 08:00:00,0.0751362870142,0.521937787329,13.8834319473,0.255921915788,0.627005891392,284.711261093,3.37624424019,134.686293908,0.45692059565
2014-05-26 10:00:00,0.0083144937943,0.338938101882,11.5182068535,0.270419332814,0.0305803741233,375.443498245,0.0598541291384,12.7865558739,1.46559351502
2014-05-26 12:00:00,0.0294542800839,0.113227095919,2.60350255396,0.440762414783,0.111702861568,360.179032132,0.202485408693,41.4010965867,0.37065534833
2014-05-26 14:00:00,0.0132926360523,0.509390379869,11.4422496784,0.0474001713914,0.0855882333331,26.5317006153,0.778855282224,69.8394403519,2.6284952003
2014-05-26 16:00:00,0.0122439950908,0.307956623007,13.6870378066,0.57060889076,0.00388496041361,131.544777259,0.0458744257105,49.243771389,1.61972441121
2014-05-26 18:00:00,0.0562193680672,0.149840254457,9.11383120125,0.594252899647,0.636584376563,54.9558790164,1.38748233488,94.3401851012,2.10042778133
2014-05-26 20:00:00,0.0709233450914,0.305816641381,8.02699215146,0.23749868128,0.204627931507,53.4822682929,2.53198797052,35.0726215025,1.16926204268
2014-05-26 22:00:00,0.0225725760657,0.0801881377438,12.9563896724,0.2204523449,0.175905666586,317.298152226,2.78765462044,15.7213957759,0.895104159785
2014-07-22 00:00:00,0.0783428433654,0.191306958487,4.87033684693,0.392136899844,0.476649393991,88.1046958714,3.26774362403,81.9661589782,2.69181249828
2014-07-22 02:00:00,0.0177574039312,0.369293667833,8.79429660878,0.282203414452,0.0634052963165,290.889056821,1.52571958363,86.6157806465,1.85889458575
2014-07-22 04:00:00,0.0443880001955,0.151902726502,6.38472523533,0.939933970149,0.0366037462076,330.236109459,0.488488577346,87.4264710358,2.8237945186
2014-07-22 06:00:00,0.0136724684419,0.0564602299752,8.71783965544,0.720634650324,0.557628389935,91.7226403775,2.39780591094,13.1048125687,1.52811556548
2014-07-22 08:00:00,0.07507684505,0.467298248259,1.87641418241,0.194544070822,0.566679412672,159.658377251,1.79477434421,121.426092958,1.49967365073
2014-07-22 10:00:00,0.0542451665144,0.161750110725,12.303868412,0.545416967068,0.208861002922,341.18574258,3.21182457538,53.884223271,1.47139463386
2014-07-22 12:00:00,0.0766232678652,0.388834232648,4.57362178218,0.98150957602,0.157953946951,257.772558902,0.723246359411,52.2648451922,1.05570769748
2014-07-22 14:00:00,0.063512893146,0.51189145643,4.53168955885,0.884743486991,0.231462448261,451.084367147,2.82916571821,124.198460729,1.07168291648
2014-07-22 16:00:00,0.0463732498664,0.389135803927,13.0910270196,0.20538244755,0.350382682217,392.817838127,2.77124223294,84.3593145856,0.444868997623
2014-07-22 18:00:00,0.0340751356608,0.070380989021,5.32078145012,0.4987691768,0.544056959271,429.331380696,1.26542693333,63.6424635177,0.0606792141384
2014-07-22 20:00:00,0.00323962024583,0.0364142854992,4.55850662175,0.121023488025,0.409343105998,68.9427164579,0.993823166802,37.4335166528,0.327457550917
2014-07-22 22:00:00,0.0320097956094,0.162373560047,10.6148464706,0.776141824947,0.29853643623,305.783759431,0.0252215271308,24.8285294215,2.08559470064
2014-07-23 00:00:00,0.0230311874459,0.503021397851,6.57325551036,0.0402254277458,0.567643949963,253.707254237,2.25880299871,106.780009189,0.371879626796
2014-07-23 02:00:00,0.0533928035585,0.379260942731,5.75117442538,0.321512772721,0.204736491592,292.371146328,2.26612773412,72.7063561818,0.811352974263
2014-07-23 04:00:00,0.0623579765891,0.250132146576,14.1127557274,0.203542380414,0.0181412935691,78.3115071358,0.640587453615,96.0743169264,1.7962071138
2014-07-23 06:00:00,0.0674274574592,0.181102425422,12.5698197839,0.665818725091,0.0996320000842,203.625868452,0.824614234198,4.64748878041,0.882401750055
2014-07-23 08:00:00,0.0693516879664,0.478826433519,9.0816653883,0.0970247669185,0.607141733538,275.507642611,1.97641107524,49.9896148437,1.78416962817
2014-07-23 10:00:00,0.0518075677994,0.0426097032354,2.40250610711,0.0928511097653,0.168456351553,396.712520962,2.04039125949,22.3637499186,1.35775506407
2014-07-23 12:00:00,0.011099242622,0.137167286481,7.38961905437,0.732920382641,0.384609443201,58.8108212447,0.107205174475,51.5040156068,0.475198534284
2014-07-23 14:00:00,0.0503918367311,0.204275341207,11.7194843126,0.936920493438,0.269848980554,420.744137376,3.06958072688,7.06014911253,2.07454283228
2014-07-23 16:00:00,0.0320886858817,0.323914559878,14.7253947187,0.230419882101,0.361841216686,156.306862642,1.94297816873,85.166943159,1.12567520087
2014-07-23 18:00:00,0.0311229519674,0.229043102643,10.076626461,0.581513057099,0.023460690812,97.0401268282,3.35725891444,121.632524352,1.79941073595
2014-07-23 20:00:00,0.0522766386016,0.127461320224,13.0872148005,0.00946741439527,0.0895191764812,95.3711022386,1.75865690236,40.0500948541,0.857828898136
2014-07-23 22:00:00,0.0299261910425,0.0798401177318,1.72172723791,0.75943739355,0.290437178314,112.263468429,2.98054578059,124.883554743,2.05279314262
2014-07-24 00:00:00,0.0546486636317,0.517360572963,5.53741111414,0.752328688955,0.6088390035,382.876968422,0.265964348061,54.4066325357,0.269610554839
2014-07-24 02:00:00,0.0127751562536,0.054199921173,7.92398498913,0.654066884543,0.0924756468777,354.884407163,2.63079293307,4.31535483079,1.8450045272
2014-07-24 04:00:00,0.0274447346831,0.0594185097617,8.49875937602,0.947461534295,0.502013865176,428.033175267,3.07343950218,11.3665200288,0.360381969754
2014-07-24 06:00:00,0.0420196888184,0.443591810601,9.07918474972,0.0354646381479,0.316804134119,194.921662029,2.99003374856,96.8290900521,1.72235519073
2014-07-24 08:00:00,0.0685337517076,0.365242344099,13.3461762262,0.72108360943,0.529779842372,352.83092426,1.63232367557,127.648605591,1.47980390551
2014-07-24 10:00:00,0.0413687751785,0.454639862565,3.92551592458,0.851341448046,0.294121436676,183.778203256,1.49828274248,86.955289222,1.79542715561
2014-07-24 12:00:00,0.0336623372574,0.310961016457,12.0130475,0.400369154881,0.421202028279,214.904963354,0.0112137967253,40.3494433286,1.13655228627
2014-07-24 14:00:00,0.0410987523394,0.400271822313,7.42260306062,0.254547471279,0.156476950383,360.761110978,0.880576517006,10.6524364788,2.45638288273
2014-07-24 16:00:00,0.0381641530131,0.304574297153,1.11172349959,0.37256081541,0.279962329398,35.0416192235,1.54521369606,75.458939326,2.32427511856
2014-07-24 18:00:00,0.0437785002635,0.0890681172762,8.69410040711,0.434081744948,0.272660288994,142.516817816,2.66140671728,79.1957280349,2.19008338865
2014-07-24 20:00:00,0.0166972477958,0.010298635906,6.39318363175,0.801966720969,0.0984993262951,183.768400507,1.67061308147,121.732761122,2.55026706814
2014-07-24 22:00:00,0.0353706238433,0.171923589012,7.30464786349,0.872682168097,0.110875890524,389.6427921,0.43705445492,104.925932234,2.05651998997
2014-07-25 00:00:00,0.0203955406052,0.0547001960877,14.8733196156,0.70520183085,0.397117085931,116.197047844,3.06599870263,42.3826118427,0.415114503783
2014-07-25 02:00:00,0.0471447467312,0.471232233488,6.47164800579,0.826363448531,0.562031764342,381.257576999,1.30674650605,81.8223038381,2.1367863879
2014-07-25 04:00:00,0.0568232787878,0.153611283841,12.7134398674,0.0351547703765,0.331153330265,313.546911174,0.991349594226,93.1175981691,0.88401098954
2014-07-25 06:00:00,0.0179602583472,0.529942734991,5.69466374958,0.822042762388,0.439650376623,17.0761942994,2.32646264294,122.68327623,0.18786130918
2014-07-25 08:00:00,0.0399987579488,0.20415800331,2.84259698608,0.826786002964,0.136681306663,142.331320991,2.92171703937,81.8080871994,2.05082052677
2014-07-25 10:00:00,0.0753944881769,0.0728992779698,2.52072145489,0.950707609012,0.399270811384,428.637582805,1.46693161597,70.4174996393,0.0747212703087
2014-07-25 12:00:00,0.0503827146821,0.524010373355,3.87530237177,0.376914908814,0.358779242832,98.0926429816,1.51446917367,25.7787626749,0.927979673006
2014-07-25 14:00:00,0.0465498583981,0.217847720154,10.6391195106,0.953467001718,0.554347578919,51.6248291793,1.91960887733,34.6913640502,1.22369781512
2014-07-25 16:00:00,0.0551783977532,0.366089054672,10.5927362661,0.960403441571,0.115960181674,430.215776061,0.129092779176,56.7596623375,2.10565079145
2014-07-25 18:00:00,0.00431102060642,0.418464643338,1.47474332021,0.594640519309,0.549168197794,195.005731991,2.23711017928,92.1991757299,2.47886824308
2014-07-25 20:00:00,0.0342107342875,0.121110749206,5.79984361776,0.667356961888,0.470047588198,239.414959162,2.8091639879,52.6257124908,0.0609301063729
2014-07-25 22:00:00,0.029574505575,0.030149229868,14.119345128,0.709568211458,0.488252769149,212.544365702,2.96949343518,76.2260264747,0.00845742606808
2014-09-20 00:00:00,0.0297454060092,0.24832157817,4.53363327009,0.485671338815,0.34572149654,397.96105429,1.95680962246,114.038688508,0.831337426276
2014-09-20 02:00:00,0.0414178807172,0.349972480756,1.57706989269,0.234040056323,0.62179869901,215.550960229,2.08142887083,2.56953622327,1.31412663986
2014-09-20 04:00:00,0.0744126996651,0.162401111084,1.71059060652,0.0564342523169,0.505112294258,4.8368135836,1.0069596151,100.681166691,1.68066142163
2014-09-20 06:00:00,0.0414287928709,0.108595068559,14.8138648927,0.30515895253,0.370042673092,208.369812902,3.01197300326,64.534434639,2.58755437796
2014-09-20 08:00:00,0.0560496779956,0.423331397165,15.3144364561,0.462089239323,0.498377186736,85.744659916,2.87084831561,18.4484682336,1.75088052015
2014-09-20 10:00:00,0.0170839828835,0.333395403813,0.765498366618,0.781926713622,0.427593073648,252.661231348,2.43424686356,35.6698078789,1.92609740375
2014-09-20 12:00:00,0.0592770082077,0.469782889665,10.9318446973,0.928743666647,0.503700172847,232.962944338,1.61602071782,58.7650334622,0.490923281166
2014-09-20 14:00:00,0.0724135078507,0.446735300683,4.01443317472,0.219756783686,0.370387985288,67.786488009,0.502327030012,125.747273185,1.7060826839
2014-09-20 16:00:00,0.0543475814641,0.149804405803,14.0456013138,0.595889039163,0.497362399938,357.970993671,0.387266048839,44.5458126786,1.2123177034
2014-09-20 18:00:00,0.020360143492,0.0334393380268,7.53431879235,0.594689098681,0.419986507051,204.022272084,3.29528806707,124.838100122,2.75883035598
2014-09-20 20:00:00,0.0531114415959,0.32621586743,7.37603355369,0.218494116664,0.528987874443,238.34125745,1.4273552502,1.97374102094,0.53880887252
2014-09-20 22:00:00,0.0377155239388,0.161096440171,7.8389063661,0.730011773117,0.378434749087,439.751290407,1.540121153,119.982761827,0.961682466449
2014-09-21 00:00:00,0.0391814299573,0.150999907856,8.99840323191,0.958713582141,0.557833085143,304.652610851,0.54195629944,10.5970456203,0.553636216877
2014-09-21 02:00:00,0.0012344774751,0.0347729634278,2.07594712799,0.492739700126,0.311175295375,64.2624505418,3.15430922344,12.0158298389,2.51227356156
2014-09-21 04:00:00,0.0041950220576,0.128554263373,1.24834262749,0.576490497572,0.426290978509,302.973249334,1.07092602722,68.1106300842,1.58265469612
2014-09-21 06:00:00,0.0395375897992,0.0154698978516,7.94720749246,0.0767239567478,0.372993068255,175.309085544,0.902398462164,34.1251120573,0.226316141824
2014-09-21 08:00:00,0.0130848506146,0.0486408420789,14.6728248736,0.629570762215,0.583242439449,301.615722903,3.05840035825,117.827626554,1.59258003453
2014-09-21 10:00:00,0.0244454023088,0.0394480316637,3.25610191737,0.136923209071,0.458366285453,248.930725718,3.32904771783,74.5038206057,2.44125241908
2014-09-21 12:00:00,0.0789472048299,0.450920965679,14.0940800853,0.469138300949,0.179113365004,265.085416828,1.91656724204,97.7003579631,1.25263753935
2014-09-21 14:00:00,0.0702987708862,0.0402470186163,10.4747506825,0.830539176592,0.481463194584,277.332301083,1.03439222445,131.24518029,2.40179801785
2014-09-21 16:00:00,0.0363684774935,0.383069572566,2.82286384426,0.963990124345,0.568617235391,350.319676488,2.12567430747,22.3611287387,2.43672341908
2014-09-21 18:00:00,0.00527245178443,0.279576201683,2.45729914106,0.369065255059,0.043143361438,288.776423179,1.72936820743,92.767762805,1.07567933886
2014-09-21 20:00:00,0.00515286420872,0.101918723796,5.78135570325,0.930829013106,0.48527012549,436.575306445,2.05777600775,131.398095385,1.27007040086
2014-09-21 22:00:00,0.0121732436293,0.34068288398,6.98130787372,0.614806442253,0.194758258967,429.229697963,1.09909692673,27.0586516017,1.39444806994
2014-09-22 00:00:00,0.0153345130143,0.0551076111121,15.1008372424,0.626310935962,0.521849715378,41.3235828062,2.07415729152,97.95219194,2.32303750911
2014-09-22 02:00:00,0.040151684603,0.45155570642,12.6331965366,0.00193319558763,0.357273774373,150.223229554,3.26483790053,91.6652670775,0.98069852104
2014-09-22 04:00:00,0.027600591817,0.40214179461,3.55804159655,0.625225394515,0.158929078731,66.776817362,0.793817626052,9.04580879671,0.628621652453
2014-09-22 06:00:00,0.0440887979713,0.0165561419913,15.4309546497,0.844145953528,0.156876462417,7.07686715084,2.24884931747,41.9837828109,1.78180171882
2014-09-22 08:00:00,0.0278865595421,0.303990787988,2.50244357564,0.583721586109,0.556775816187,353.225466584,0.916943391189,12.9790226178,1.45776169639
2014-09-22 10:00:00,0.0252846411187,0.539291151386,13.0351694102,0.476198974677,0.505477624231,0.927135510949,3.00476941127,24.9827053609,0.440795879192
2014-09-22 12:00:00,0.0691052406713,0.200981471484,5.20921809949,0.794119963008,0.337598141558,345.555931599,0.674489877459,63.2073336558,2.67728378724
2014-09-22 14:00:00,0.00435297369502,0.130197350285,2.54425392598,0.892807125843,0.465716006654,447.045879713,2.49555873365,21.4655075364,0.828029250813
2014-09-22 16:00:00,0.0769183088472,0.12617665676,15.1178617126,0.190563346497,0.609991701713,1.80506390732,3.26539141628,122.430790854,2.49423688955
2014-09-22 18:00:00,0.037674080593,0.179944506206,11.6981397413,0.139079454744,0.0488555852975,136.60129717,0.434022164916,96.5170891245,2.11911569643
2014-09-22 20:00:00,0.04496237284,0.49725488319,8.06125960921,0.664902796496,0.461700319201,324.425614429,0.164355912579,75.5404117617,2.01996712873
2014-09-22 22:00:00,0.044311440099,0.297008215101,11.1553201011,0.642052892546,0.444202919399,96.499836287,2.15262431974,131.218720487,0.0353891326149
2014-09-23 00:00:00,0.0653682519887,0.385529127187,2.61473675366,0.0453383173756,0.287850426405,74.0757963561,0.866249226177,128.243136769,0.901926453429
2014-09-23 02:00:00,0.0576023241231,0.421027793752,5.03799611876,0.912243287269,0.427698295124,211.561669975,2.12506519455,1.08666863108,0.903790315092
2014-09-23 04:00:00,0.0102834688675,0.209052727628,11.8544093848,0.903283979024,0.0350177250749,77.0886329307,1.42987305832,117.615944664,2.76438737203
2014-09-23 06:00:00,0.0221776762483,0.40984173839,4.29484384189,0.433363231373,0.422079778321,162.979323802,2.05528297045,92.2151281131,0.461207853072
2014-09-23 08:00:00,0.0659735597683,0.553803570954,4.45454819192,0.51245838291,0.195161056978,196.926379187,1.37945787979,11.0312715953,2.0281513069
2014-09-23 10:00:00,0.0716689169037,0.0380046967953,6.77155551928,0.682358714147,0.25580840843,31.4032620057,0.921655192155,119.761516518,2.19350393485
2014-09-23 12:00:00,0.0633840565481,0.122823050274,2.74005169787,0.427778286934,0.141426970943,234.135089832,3.11601580165,37.5073675512,0.8458405987
2014-09-23 14:00:00,0.057328389971,0.0348540810133,2.09888735654,0.582733533344,0.373016797747,193.813159075,0.808009592638,92.4052026474,2.15116875069
2014-09-23 16:00:00,0.00677147408956,0.00124526969666,15.1317693706,0.16861322513,0.555496163722,9.2000073864,2.61645892883,18.124173693,2.30048707833
2014-09-23 18:00:00,0.0494886818362,0.119533469631,15.3876987767,0.569477207153,0.205116413067,9.14443183196,0.674017027253,59.0287713419,1.81850089107
2014-09-23 20:00:00,0.0355280755187,0.0494700046114,1.41683611936,0.416111547145,0.424261023836,292.943855631,0.284723511222,126.537016569,1.79327788406
2014-09-23 22:00:00,0.0220197952709,0.115551467232,8.25608131836,0.0762354904685,0.56147602509,401.239184927,1.74733071403,27.9331481125,2.60103648612
2014-12-29 00:00:00,0.0509020992436,0.479099578977,5.74250969359,0.391782792871,0.285396066153,4.04732985031,2.40100086797,71.7284441447,1.69303214708
2014-12-29 02:00:00,0.00912140914591,0.054016118382,13.2940845388,0.384825702766,0.163364626374,102.223256539,0.23042813869,84.1426031937,2.58760050484
2014-12-29 04:00:00,0.0226231959476,0.352326411373,10.2282491854,0.803281340153,0.0866249902863,229.328211866,1.61457360429,69.4261375984,1.61617119226
2014-12-29 06:00:00,0.0318106685743,0.446082188387,10.9727376306,0.0902641315696,0.378061078545,437.100112704,2.16447655828,119.729233445,1.86019702104
2014-12-29 08:00:00,0.0286114393415,0.32149720329,14.5631450153,0.108352932242,0.573883602907,104.585627336,2.14920919187,46.4546195517,0.135319928532
2014-12-29 10:00:00,0.0432980825609,0.26467941839,8.99275684125,0.81017048854,0.143319070619,328.145973008,2.63440643675,98.1461311769,2.13637823625
2014-12-29 12:00:00,0.0207268839735,0.074004421923,12.3760594089,0.52277027981,0.310579073824,35.9979305757,2.6386933544,52.2477486785,0.539344288433
2014-12-29 14:00:00,0.0420100100901,0.13502249235,14.2915517873,0.237483392075,0.339536413421,372.331325824,2.29340942207,100.60905572,0.318796453922
2014-12-29 16:00:00,0.0706668604053,0.0213825833009,8.26371783113,0.698598867867,0.0821349265766,254.673194035,2.2681797309,49.9753897793,1.24304207433
2014-12-29 18:00:00,0.0342982990974,0.533455638844,11.9238947079,0.58296118577,0.516890307104,88.3977523415,3.33051715824,62.6320024209,1.93861179226
2014-12-29 20:00:00,0.00405539641488,0.334843692774,2.82037107439,0.0841674278104,0.383952520391,157.129391542,2.53371090163,120.134036863,0.782694645315
2014-12-29 22:00:00,0.0351083973552,0.368639125871,1.11698789854,0.473679264257,0.521109272024,440.744809114,2.54753593235,128.45207251,1.67431107891
2014-12-30 00:00:00,0.0423215717237,0.403061178534,2.46465203919,0.898217393378,0.117338668034,129.507106724,0.446789050507,21.6865724693,1.32849289625
2014-12-30 02:00:00,0.0527715270558,0.261918977269,7.0650596828,0.721869071133,0.4427373243,185.010191122,0.925477286425,78.6378778619,1.71152919633
2014-12-30 04:00:00,0.0228274524833,0.166567351307,10.3618124582,0.526169626363,0.483151299666,354.983548876,3.1851989901,7.48525978027,1.90807971703
2014-12-30 06:00:00,0.0201550817372,0.310940694303,13.7843423907,0.894757276183,0.321968019154,210.778450353,3.2910951329,132.761437207,0.82382775831
2014-12-30 08:00:00,0.0476288088514,0.129406292816,8.94072383466,0.88221313271,0.142804532516,108.482942252,1.30038432367,129.054640146,2.09639667941
2014-12-30 10:00:00,0.0397143974877,0.270766569563,1.35280118909,0.902366338371,0.277276960995,452.152438659,0.912741968691,29.1411266761,2.29710805724
2014-12-30 12:00:00,0.0493191140397,0.0691421684124,11.050292775,0.328762300521,0.379867002906,376.946378902,1.89788018727,99.6483313073,2.01607609156
2014-12-30 14:00:00,0.0164533903151,0.49245454424,9.03785490356,0.116684270559,0.356945729905,378.519449794,0.138519844998,127.25079918,0.829876465996
2014-12-30 16:00:00,0.0594221812886,0.0485845138505,14.6135149958,0.730404442943,0.0312215283964,350.545617926,1.40682696911,45.3646069034,0.154280506541
2014-12-30 18:00:00,0.0392217493003,0.0162044523842,0.974345264415,0.173013394263,0.107790050526,20.4048360834,2.31771519268,102.329864569,2.12260542194
2014-12-30 20:00:00,0.0041789462189,0.479718075443,6.1644711282,0.173151271304,0.290002399487,3.71071533149,2.90563244064,46.0483113303,2.36857135717
2014-12-30 22:00:00,0.0693295492853,0.137279359371,12.4289769592,0.640411868819,0.297454845832,402.795315557,1.17124923823,73.7010200377,2.61075489407
2014-12-31 00:00:00,0.0646002528277,0.315029739847,1.63703238201,0.928270437433,0.00263344974114,0.783297817104,0.580150186447,34.0223929472,2.77160376284
2014-12-31 02:00:00,0.0492301081338,0.165036781865,9.24550577344,0.958374277672,0.492689054263,442.719827215,1.87007101377,14.8421213026,2.65584783246
2014-12-31 04:00:00,0.0691063698517,0.415984869625,8.98880568893,0.730405642971,0.114596467645,209.81793558,1.24929513292,122.196264473,2.00574301394
2014-12-31 06:00:00,0.023681046848,0.452496418138,3.9657944268,0.824269431857,0.509720525753,259.230400526,0.240078917271,33.3973512607,2.35973469847
2014-12-31 08:00:00,0.0613657819644,0.353687801987,4.09345408637,0.190275238588,0.101823663974,227.774975952,2.3299524426,73.3250994487,2.5869837329
2014-12-31 10:00:00,0.00850511463983,0.268277317142,2.32512575211,0.598197442557,0.484738450856,366.378706888,2.12469333638,23.8147666774,0.671026433469
2014-12-31 12:00:00,0.0357605331825,0.530593221994,11.5201243266,0.280576298227,0.511846292921,122.451089598,0.901727002144,121.022071203,2.81386075021
2014-12-31 14:00:00,0.0224990542697,0.153396386523,9.61958830043,0.297209225511,0.382494419333,189.46867578,3.01417221171,64.2438653604,1.04074257651
2014-12-31 16:00:00,0.0476826948372,0.263430577103,10.0180905774,0.846325379726,0.0646818290088,414.123750387,0.851199314059,27.2138007239,0.697793414013
2014-12-31 18:00:00,0.00992891143379,0.0104189282304,3.61103647019,0.596869710506,0.287937971195,76.2526798641,2.77325275133,132.118647249,0.660029718076
2014-12-31 20:00:00,0.0562143517271,0.484597273615,7.70406125322,0.278940912336,0.284794349227,117.388416054,0.559703519791,27.0728080004,0.169273084386
2014-12-31 22:00:00,0.00918031264079,0.235439364473,3.19991978519,0.926523773077,0.0363040974454,318.966967752,1.4906187883,91.1499516952,0.930447643436
2015-01-01 00:00:00,0.0310325042566,0.121058882342,8.78229081167,0.0879370491268,0.453976510068,119.719153306,1.3463749942,106.35582127,2.2893131779
2015-01-01 02:00:00,0.0571295124018,0.238263448503,3.33578487838,0.319357571588,0.29784426924,182.49671953,2.4770217482,122.790722587,0.773104705099
2015-01-01 04:00:00,0.062792486796,0.395150164357,12.6347146209,0.481075631255,0.283678548286,65.0919916683,2.91710061974,80.8464791818,1.58126256725
2015-01-01 06:00:00,0.0590982538314,0.360945382414,10.9237720116,0.902621320428,0.0318640968268,64.5427216837,1.23305052069,110.231854059,0.70954458131
2015-01-01 08:00:00,0.00128615132724,0.15057555528,15.0935553128,0.00718937027407,0.1947464042,73.457550884,1.35355608135,92.1780034762,1.25455655152
2015-01-01 10:00:00,0.0377322189869,0.214243150054,8.74343376342,0.124708109531,0.19740123925,307.793676358,2.65876662935,8.34461775537,1.23382975992
2015-01-01 12:00:00,0.00448928981415,0.013579947211,6.16843537259,0.682289602803,0.409633455094,396.126254584,2.29337311842,66.0842908455,2.60755321778
2015-01-01 14:00:00,0.0353805022848,0.524159292236,0.551006895925,0.754252635703,0.248334528423,251.159016178,1.07334339149,87.4849743354,1.04277696227
2015-01-01 16:00:00,0.0585333005892,0.249409312054,1.04877156584,0.186552453537,0.428455253762,385.86388994,0.777822688973,47.8773088266,1.71806707667
2015-01-01 18:00:00,0.013628086353,0.277025444889,11.2025382809,0.0367035604197,0.0973436707834,315.913584668,0.593377178508,121.308703203,0.0108376537265
2015-01-01 20:00:00,0.0038008913651,0.553387564158,3.66956269117,0.67098536288,0.138368101169,401.893004815,2.4103159539,43.7212356661,0.453222344038
2015-01-01 22:00:00,0.000297838442003,0.287237493946,6.74613164859,0.569103288588,0.429001703498,229.932278736,0.375596547375,0.0251332483935,0.980078308628
2015-02-27 00:00:00,0.0248922851495,0.404591704924,13.0626042932,0.298087265578,0.177473652586,268.834392339,2.2676474459,95.4144627418,1.95068562386
2015-02-27 02:00:00,0.0680749005523,0.104128651962,0.427570150372,0.921775237933,0.121897782472,283.804111993,2.36442552665,91.4339647186,1.36666582545
2015-02-27 04:00:00,0.070829952495,0.507577136462,7.52825247148,0.461804218411,0.0729319837497,169.904537399,0.924833267212,87.4304752075,0.170251896424
2015-02-27 06:00:00,0.0486450949641,0.209031734429,13.8489287381,0.0744825663329,0.335092312542,58.0576699832,3.28028893054,96.5755168133,2.1585523996
2015-02-27 08:00:00,0.0252545253194,0.520935954053,8.9808554629,0.395126979966,0.30973828722,236.02352199,0.436910740373,86.8373803202,0.033106810666
2015-02-27 10:00:00,0.053882461142,0.41242971074,7.90848712588,0.18483051571,0.0876657925914,77.4815894638,0.980918440536,35.5547179203,0.973580999832
2015-02-27 12:00:00,0.0763088472743,0.455215374025,13.7713886445,0.426111985655,0.145750143303,28.9377692353,2.43229730424,46.5172347026,0.133762119093
2015-02-27 14:00:00,0.00737919817107,0.350522062501,2.40882648568,0.728193122538,0.370807292955,167.513927986,0.726347312321,0.703067806241,0.574751499518
2015-02-27 16:00:00,0.0628669643203,0.526699029324,13.5572006663,0.543772731084,0.343069513812,135.616446299,2.99338639825,13.3142319829,1.2716100985
2015-02-27 18:00:00,0.0431087236774,0.480698213709,14.3676644621,0.202014518045,0.590659537829,406.145763239,0.443524783248,11.6583442282,0.433306568714
2015-02-27 20:00:00,0.0736707820147,0.309954673791,4.88718163442,0.658134106818,0.116989936544,41.2834638117,0.855842669496,68.3695769767,0.619464925036
2015-02-27 22:00:00,0.0278009036728,0.392319606829,13.0070244512,0.987289703891,0.0380188479744,173.785815953,2.51290172349,82.5198155263,2.73699270155
2015-02-28 00:00:00,0.012950354561,0.413057426091,7.87078183318,0.601674102478,0.453105633765,20.8692958727,2.8993699292,32.5135324699,0.68650370816
2015-02-28 02:00:00,0.0292614585286,0.388009165211,1.26349235378,0.20423722617,0.511236904001,365.488109303,0.937628725705,88.4987354703,2.05420930304
2015-02-28 04:00:00,0.0735387968501,0.5367156912,2.22410176922,0.0415034533827,0.374102437711,430.685737162,1.33181155402,46.56986465,2.41551211448
2015-02-28 06:00:00,0.0382673231746,0.0947056591531,11.0651484446,0.118470344489,0.0191652932478,452.258915785,0.880265032499,80.5407442489,2.79944912695
2015-02-28 08:00:00,0.0138421757662,0.123384825608,13.7596378127,0.461966003656,0.321177329374,383.481613627,2.82445650692,22.8569178783,2.64043177585
2015-02-28 10:00:00,0.00482727018088,0.0914403022333,5.47023123739,0.722979559869,0.0870072836303,203.533901555,2.64153227219,87.4244532575,2.2421350622
2015-02-28 12:00:00,0.0747480053563,0.238402382936,6.81463927509,0.742116088679,0.481586213813,310.765956897,0.985011039029,14.9213428255,0.031816216564
2015-02-28 14:00:00,0.0623209259022,0.0896743382859,0.938961857047,0.433127828534,0.0452733356264,436.107558922,1.79861722337,97.4349658243,0.679721758541
2015-02-28 16:00:00,0.0175672239951,0.0663064108169,4.7034336034,0.338942660319,0.193726262058,176.049116504,2.43254345276,97.2788841346,1.90137842755
2015-02-28 18:00:00,0.00387194865865,0.494680497722,10.4293889325,0.0385057526542,0.0303294651277,290.610658479,3.18413296855,62.9630856486,0.883475305627
2015-02-28 20:00:00,0.0660238449289,0.455078370138,0.309321934852,0.89193737168,0.361818477589,72.1741208813,3.17902471652,81.4138980958,0.150980327272
2015-02-28 22:00:00,0.0485633593269,0.278406540331,0.621179928061,0.981361144632,0.0692624126443,54.2766608552,2.50995213166,134.020366571,2.4646517087
2015-03-01 00:00:00,0.0492729037192,0.115577246513,2.39028506252,0.177413840092,0.40432777574,181.461493125,2.23008794713,115.848730307,2.0250483684
2015-03-01 02:00:00,0.0774471844326,0.396772849917,14.6208183415,0.011028077204,0.594868673126,401.445186742,1.23812358301,31.317558978,1.68235946175
2015-03-01 04:00:00,0.0673206898932,0.507392091393,5.43849552027,0.673346967446,0.207786701215,420.332357615,0.878198191188,85.4758217332,0.8633581983
2015-03-01 06:00:00,0.0095206667326,0.122683992365,2.78384697324,0.208913331656,0.407859216777,150.38873563,1.66739990933,35.5660710556,1.74009942852
2015-03-01 08:00:00,0.0172056482875,0.101456021238,14.9946544468,0.778657236696,0.311046487043,349.752211181,1.1379151728,106.072000144,0.00761740204633
2015-03-01 10:00:00,0.0761155599444,0.370214487824,7.87756182661,0.228259967812,0.0201603721408,73.8165538743,2.1625145505,38.2160274637,0.76388273209
2015-03-01 12:00:00,0.0395488373459,0.141380390295,12.432397943,0.50194474582,0.522651562222,218.445864751,1.53680208769,117.839829054,0.275626735757
2015-03-01 14:00:00,0.0703288930666,0.4746476133,4.91598122536,0.49560155886,0.430104787108,366.285249302,3.28786153422,123.68315948,1.72096729854
2015-03-01 16:00:00,0.0612318355496,0.301345121551,4.14216529842,0.668257789748,0.381825832372,337.914931124,2.94397036289,107.480704099,1.31801232207
2015-03-01 18:00:00,0.0761371543626,0.00434903082146,9.25321629441,0.380543467586,0.63089931819,172.832755097,2.29238042901,12.9306788367,2.00077058606
2015-03-01 20:00:00,0.060332822094,0.336928417524,1.62431994158,0.378511817812,0.320749772476,17.9831111652,1.43673706186,22.3255190475,1.93568438773
2015-03-01 22:00:00,0.0243189924346,0.148288767637,10.8416350732,0.601277698651,0.262447548831,418.713225655,0.00829619145848,19.9552770354,1.56412457616
2015-03-02 00:00:00,0.0509776482799,0.154004383106,2.62855413894,0.653601839033,0.500362159409,296.258322774,0.235639454651,118.579153435,0.0788576164114
2015-03-02 02:00:00,0.0281023697624,0.168308347101,11.5778486678,0.834469440692,0.0301347298425,48.7172551191,0.319933621608,32.9782354261,2.15892365831
2015-03-02 04:00:00,0.0584988755357,0.194680668725,2.26525459145,0.160305067817,0.410522459784,102.688332694,0.591213333539,39.1606893244,1.13584180302
2015-03-02 06:00:00,0.0710809118164,0.141812378638,2.9477640198,0.3397561945,0.407097506821,59.4276621912,1.91561569684,15.5525041189,0.251054347367
2015-03-02 08:00:00,0.0188059727014,0.234501044021,11.4227114333,0.333815907302,0.557591150616,314.346982278,2.28856945106,99.1123678893,0.676066865813
2015-03-02 10:00:00,0.0418439726243,0.43923887154,7.24553432577,0.48705351034,0.0116775970572,395.033061303,0.257883284867,75.6078010981,1.02934488289
2015-03-02 12:00:00,0.0540399882599,0.301263312552,0.741865939263,0.255789367737,0.551733918257,357.605997586,1.16639674044,31.8465359046,2.07292970831
2015-03-02 14:00:00,0.0433148155854,0.49309273514,12.9208198177,0.956523865625,0.199137789595,26.1072361311,2.48979804384,12.8735758031,0.915587953475
2015-03-02 16:00:00,0.000717258962727,0.506844655933,13.4551637206,0.0793633306059,0.266735837817,261.512268128,3.05213017113,108.558270871,0.582125233282
2015-03-02 18:00:00,0.0425555524568,0.467768253884,8.23996473396,0.428138301136,0.43502316416,251.594120333,2.40334562734,104.823186105,1.25358789448
2015-03-02 20:00:00,0.0174283960683,0.387429783161,1.61965288923,0.501622741102,0.444849260541,341.537187808,2.67850847705,98.7655610907,2.31950139403
2015-03-02 22:00:00,0.0137895881164,0.360640540391,10.2479479568,0.706869724489,0.0939708536257,247.791652342,2.98018608063,94.161578997,2.66090525978
2015-08-26 00:00:00,0.0172610822651,0.282987940185,5.41278602645,0.0306554202701,0.490892061935,375.123110111,2.88180840579,54.1970597235,2.05393370109
2015-08-26 02:00:00,0.0557741667961,0.0273441783652,11.6974162297,0.550531793145,0.0304057790932,55.9603960578,1.4582095738,52.4264445059,1.6155340123
2015-08-26 04:00:00,0.0556990548358,0.401372005017,8.8174613279,0.786208311777,0.36708069011,95.7441414798,1.00718914231,90.6190530862,1.79649809734
2015-08-26 06:00:00,0.0549342175286,0.0356418845574,6.07933616284,0.179084026019,0.545232211334,389.717655184,0.90383954741,43.2318274079,0.526371576242
2015-08-26 08:00:00,0.0247097554829,0.457251748092,1.24925781553,0.700272938395,0.328830331725,126.058080505,2.07708467177,69.4977950437,1.61305001884
2015-08-26 10:00:00,0.0721087979812,0.212931527456,8.0433684142,0.828758399323,0.378315940657,237.040519334,2.31134158921,3.37250257117,0.143266024374
2015-08-26 12:00:00,0.0432058553108,0.158845194155,6.89619125369,0.0806074094599,0.365184131242,119.641472238,1.74111590015,37.0998820939,0.388790524571
2015-08-26 14:00:00,0.0337499569492,0.485515012101,7.97957428929,0.173415284141,0.418777134963,272.459831161,3.21582216933,10.6566938043,0.151815668134
2015-08-26 16:00:00,0.0335512051989,0.551812739787,14.8231161534,0.857720674885,0.505615935072,372.103400223,0.878258848626,49.1585163188,2.7219481798
2015-08-26 18:00:00,0.0173105373165,0.306435328296,3.72633210344,0.711638084653,0.11659058329,204.334026063,0.0400272155489,16.9007900608,2.80963335909
2015-08-26 20:00:00,0.0302766727219,0.214967909916,14.6168911421,0.142361278451,0.12907718885,233.204411188,0.613247138011,8.99571856186,1.02357069777
2015-08-26 22:00:00,0.00288509533693,0.548501813911,0.0217233770202,0.725537854296,0.369663836262,8.69781936874,0.981535224572,75.9345623548,0.405207481003
2015-08-27 00:00:00,0.0670676487081,0.336732722895,10.8900051793,0.225713693351,0.555052298688,70.1068245875,0.702059872626,127.082118868,0.133852704337
2015-08-27 02:00:00,0.069241097875,0.247684173694,1.40984555999,0.136788202231,0.217853267981,26.3824998388,0.954198703048,0.50259845768,0.20746322117
2015-08-27 04:00:00,0.0276843687136,0.0131521034513,0.411742044633,0.628848176168,0.0326760856544,167.399669606,0.446005743471,126.562498742,0.00279968707628
2015-08-27 06:00:00,0.0530333362122,0.532339667711,15.014879016,0.29095096125,0.305108839187,286.907680432,2.85827084245,111.684623945,1.36748202737
2015-08-27 08:00:00,0.0209398467441,0.432863878559,11.029285105,0.747983281353,0.360836561123,115.225310437,0.640253427255,33.1578980723,2.57518448271
2015-08-27 10:00:00,0.0427526122167,0.00999472662388,13.5470965901,0.352994419193,0.265366323371,432.694501886,2.10382720563,118.270512386,0.107504904477
2015-08-27 12:00:00,0.0467669249853,0.496235333572,0.170707542756,0.940174024354,0.076658203551,126.23363494,0.578395573614,12.8695501264,1.12472657987
2015-08-27 14:00:00,0.0363443307529,0.237461792666,13.4402453779,0.839567395196,0.0227685525694,423.032314816,0.49461851073,74.1332798386,0.430830763884
2015-08-27 16:00:00,0.0481020758351,0.276494656711,14.9102051745,0.0963569200839,0.0503743940038,329.285953271,1.72099933222,78.3096998698,0.885798139835
2015-08-27 18:00:00,0.0531688616878,0.0286969276354,0.724626836617,0.857051572298,0.609226569357,146.36308044,1.76037139192,90.5766788771,2.47265208845
2015-08-27 20:00:00,0.0271031011742,0.180940348567,3.23634270147,0.467956385576,0.418412251347,15.7229712101,1.15896723847,22.8390712737,0.928105494509
2015-08-27 22:00:00,0.0783584933479,0.232104978788,10.9251290446,0.464309674101,0.329529635344,140.903504857,1.37511341401,105.327107581,1.70099702671
2015-08-28 00:00:00,0.0743074889949,0.03601449919,7.10010676277,0.222220174194,0.414452446925,173.108877295,0.741873650882,115.339055465,1.29289317845
2015-08-28 02:00:00,0.0479205470459,0.0953488489734,13.6939884918,0.423148150838,0.0165395501374,434.321787587,0.769370827037,55.485877502,1.08484477506
2015-08-28 04:00:00,0.0248969410006,0.541139351048,14.1864559408,0.796791590478,0.16278502432,323.10932102,2.75476392632,16.1035346165,0.69765175844
2015-08-28 06:00:00,0.0333468701244,0.155944128105,11.63152695,0.806108654224,0.628296259044,352.018839168,1.73572560778,91.9081380481,1.69026656664
2015-08-28 08:00:00,0.0647809552178,0.365397204213,9.3616369565,0.680643230879,0.414269136433,288.85085227,2.79058608804,53.573216695,0.789021978393
2015-08-28 10:00:00,0.0190126248816,0.418983876601,3.91875611976,0.486165213264,0.36311533149,236.746905154,3.02294974357,3.56730649245,1.43825624928
2015-08-28 12:00:00,0.0785187152611,0.509636259232,11.9787976276,0.256712765328,0.165727195633,4.97403246394,1.59486021714,120.245688596,1.80742511948
2015-08-28 14:00:00,0.0373067566961,0.241955699506,10.6363353835,0.492921294013,0.482457960821,162.770077397,3.34100366972,91.3112324726,0.445003182776
2015-08-28 16:00:00,0.0211152718914,0.00879970452754,2.82701440884,0.462188013023,0.301520421059,326.930053,2.52869021106,28.5425878562,2.40016074468
2015-08-28 18:00:00,0.0450526968871,0.492278420371,7.27454862119,0.787487850189,0.0275378605242,324.424456565,0.897685000877,46.0831451814,0.730875309432
2015-08-28 20:00:00,0.0270520621713,0.0653612621117,1.56502722084,0.538062929787,0.519957931896,267.1960244,0.381592081184,94.3874235886,0.318281903622
2015-08-28 22:00:00,0.0618572421989,0.453770197763,8.22657027294,0.907170573214,0.38737707364,272.495567851,2.00464309641,1.64273602734,0.830424978094
2015-08-29 00:00:00,0.0771422837208,0.220441276524,0.839734444415,0.142726366346,0.32174447848,280.88206718,0.167832566959,33.8422026481,0.770311397321
2015-08-29 02:00:00,0.000843292420733,0.0692310388605,2.05300794898,0.412607848311,0.0209541343039,428.222868994,2.29233601209,4.69511300121,2.17393337599
2015-08-29 04:00:00,0.0595426652339,0.0519005583976,3.78986273092,0.415679260234,0.366859577167,62.6424498338,2.58237620302,72.2219781094,1.94520619518
2015-08-29 06:00:00,0.00458858545781,0.206799080512,8.75134302477,0.355255465521,0.3310042595,17.9967260487,2.8100975358,42.2002622518,2.04388519192
2015-08-29 08:00:00,0.0564514637305,0.336307096906,12.0976089428,0.982637448038,0.0395754859388,362.299254799,2.96755414382,125.441308175,0.121982409349
2015-08-29 10:00:00,0.0123515258649,0.163145461982,9.50133181181,0.734668651344,0.488557825375,409.688251086,0.746819487621,11.4313860848,0.186772299973
2015-08-29 12:00:00,0.0763416944669,0.378706920991,13.8282896934,0.0467065484735,0.189030445178,235.552757602,2.56511517231,41.4374440815,2.15603710757
2015-08-29 14:00:00,0.0588682938382,0.513104427497,15.4696211425,0.737589534599,0.224814769099,181.74325267,2.80791176393,31.0808499232,1.85290402991
2015-08-29 16:00:00,0.0347552659108,0.0628858544786,9.57585519319,0.0286046534453,0.367231470692,12.7249875266,2.4751582069,48.5066052897,1.11169322343
2015-08-29 18:00:00,0.0303059292014,0.234391394918,8.9431992258,0.588566002964,0.134196863031,2.46257185964,2.98007929072,33.2800258054,2.13883672053
2015-08-29 20:00:00,0.0377558884226,0.149849663934,1.94518134805,0.511689841919,0.434106190685,298.291806289,0.298355602944,61.3304192552,1.46195968353
2015-08-29 22:00:00,0.00446095110948,0.42087379399,13.4981813345,0.870074914677,0.10788476481,393.963349053,0.723040911839,121.978019333,0.656206338601
2015-10-25 00:00:00,0.0406742698644,0.186146871856,14.8025307445,0.86612155369,0.25297067149,382.341777284,2.66003103354,52.7837352262,1.37057158665
2015-10-25 02:00:00,0.0789059455074,0.42376770858,1.23066369334,0.740798217157,0.173789122399,9.20090205216,2.00915853817,114.761144164,1.89226438767
2015-10-25 04:00:00,0.00847370353519,0.175457156804,12.2080135551,0.331633558417,0.567125922248,51.5096709053,2.51880050205,50.5053189309,2.58628949344
2015-10-25 06:00:00,0.00994965881326,0.0180207261318,7.48729087485,0.235544109281,0.627075182656,209.233950586,1.51015266558,92.949642079,2.35776901781
2015-10-25 08:00:00,0.0675612776497,0.534761183987,6.33979054976,0.919535376916,0.392272741255,185.879868363,2.55559634528,129.498771268,0.170148820315
2015-10-25 10:00:00,0.0228283296712,0.271567150355,0.070484759347,0.0230995724019,0.559809407147,147.837192854,2.29477728365,129.662903223,1.16899100772
2015-10-25 12:00:00,0.0288412324914,0.232032447896,1.55964509425,0.459349298283,0.479038563268,23.5462601623,2.95049625577,23.5200090606,0.298120226316
2015-10-25 14:00:00,0.0317535200793,0.211418276362,6.61465677266,0.977261093014,0.354106153533,364.291177082,2.54591762682,31.8986085374,2.28295599174
2015-10-25 16:00:00,0.00205416859056,0.116296040776,12.1717018164,0.675971057045,0.359829345994,170.322849459,1.21054197966,43.0452293336,1.08961546536
2015-10-25 18:00:00,0.0382154091312,0.408959719425,7.36010657275,0.22571653834,0.507081766903,296.334307448,0.0840618171845,38.3690401202,1.65227239211
2015-10-25 20:00:00,0.00992517244474,0.451725665006,8.32823286285,0.133655332085,0.571599598142,224.267432367,1.5901640096,103.207259105,0.251092232332
2015-10-25 22:00:00,0.00338365776386,0.363301903258,12.085579146,0.836912592189,0.470382896312,336.139483218,1.39809582329,46.9781517842,0.682935672647
2015-10-26 00:00:00,0.0369472583814,0.257795890526,15.2632777887,0.328688579316,0.00703166968583,18.6884515412,2.23067181704,121.340301143,0.918325571078
2015-10-26 02:00:00,0.0483959139683,0.118473833458,15.3435267238,0.566841850346,0.405290587161,391.489741519,2.19449352696,61.9378306003,0.682478877871
2015-10-26 04:00:00,0.0337645779961,0.478286107723,1.00875128086,0.723385811426,0.173114483178,99.0752713567,0.0489677077028,62.4423653597,1.07918230371
2015-10-26 06:00:00,0.0728018190661,0.409910839173,14.3492835647,0.121346365797,0.56832706427,79.0561285832,2.51077024451,26.5332388071,2.32717185912
2015-10-26 08:00:00,0.0747195665124,0.159843542227,1.57142844755,0.302674657979,0.515142592231,190.808335361,1.14391241433,69.6093491781,1.30977746589
2015-10-26 10:00:00,0.0402157612592,0.154738774121,6.81339115507,0.972317837426,0.454436421684,23.8321810412,2.10791205538,13.7529668772,1.4544799035
2015-10-26 12:00:00,0.0168610061324,0.0804618441018,9.61066582214,0.637967860268,0.285346939002,143.9764443,0.180838499952,3.1204767758,1.21390920081
2015-10-26 14:00:00,0.018785437829,0.176697238704,3.77544261357,0.473195839957,0.369250108511,118.382613927,2.12068036483,81.8328068197,0.646125396205
2015-10-26 16:00:00,0.0274305207787,0.267978640247,8.25495020036,0.0849144686919,0.025599034516,201.631382924,0.809784870979,122.50948089,1.26853453392
2015-10-26 18:00:00,0.00723098643799,0.0525982507164,13.8244823857,0.0949422583628,0.636195699492,111.363635982,1.09174605944,11.917456367,0.152423790901
2015-10-26 20:00:00,0.0377703188777,0.476915623808,4.03160333849,0.983493176998,0.206205344608,195.599052741,2.24210854261,132.978789594,1.81203391693
2015-10-26 22:00:00,0.0343096167935,0.387652046315,4.73215937357,0.981851029761,0.618756876272,265.7550575,1.31996990239,55.6490999134,1.07901587224
2015-10-27 00:00:00,0.0545699099487,0.229476342486,14.4025232096,0.72342928072,0.438828590015,55.8213235073,0.848191486888,3.38242586592,0.140914657558
2015-10-27 02:00:00,0.066141942182,0.109974008389,13.446386248,0.398493890078,0.207287822996,63.3259706597,2.21259506443,47.379081704,2.26003131855
2015-10-27 04:00:00,0.0560590691333,0.0432036614202,12.2381110996,0.257869206804,0.00615140087075,324.548476119,1.60898606599,85.564884137,1.88155692773
2015-10-27 06:00:00,0.0482631475734,0.00648265872771,6.89622850449,0.656631340226,0.130668846818,429.367668425,1.86152680944,39.4448999143,1.26842550995
2015-10-27 08:00:00,0.0673471121837,0.409288276255,15.217134676,0.61832494828,0.00127891481773,224.847648831,3.16725701873,132.855935,2.69603047618
2015-10-27 10:00:00,0.0300591362588,0.136694334091,13.5002599032,0.918841687807,0.524987284855,419.683241612,3.18184704433,121.365895065,0.559956456899
2015-10-27 12:00:00,0.0295804672477,0.354855760831,14.2814431202,0.253799647217,0.375819135536,262.933199837,0.0400642493002,57.1679358835,0.392573260747
2015-10-27 14:00:00,0.0670826346626,0.112815050768,8.65543854315,0.0196405259221,0.335132485798,344.843893868,2.19557036896,89.0603970746,0.0719185758999
2015-10-27 16:00:00,0.0549470241042,0.503127280666,4.3938320752,0.794528625633,0.441515671396,352.614432969,1.16953304808,58.2763414744,1.51489391097
2015-10-27 18:00:00,0.0139511013179,0.533053234833,8.90557388502,0.240709210582,0.418666547199,377.107042748,1.36562676318,64.0003741863,0.75000894578
2015-10-27 20:00:00,0.0684334658945,0.173196975499,7.16172228718,0.98123292761,0.486383192179,222.342737788,2.16727013824,113.253358305,0.0573695492566
2015-10-27 22:00:00,0.0761625222545,0.449714067981,13.1892827353,0.678005015824,0.202058726738,308.383397297,0.0612111259918,76.5659491468,2.34393966812
2015-10-28 00:00:00,0.0610895012945,0.0105158376663,8.03480975638,0.262204268739,0.486750529173,45.1573886198,2.06841686456,107.611536811,2.55122321841
2015-10-28 02:00:00,0.0249124509181,0.429924921273,2.73138330925,0.35296875101,0.073941129396,246.002587421,3.10245716969,62.3471951571,1.55083133506
2015-10-28 04:00:00,0.013591312197,0.470782767318,9.0821633422,0.0473551113357,0.549391855635,241.587380729,3.28604036325,6.33372817725,2.78193400301
2015-10-28 06:00:00,0.0442759560334,0.0105247001773,6.01938647985,0.332741045672,0.0836518066633,244.600310014,2.3213400441,118.456986245,1.88254832905
2015-10-28 08:00:00,0.0304340073029,0.372490176091,5.87971883347,0.403755697018,0.24312685508,328.246770353,1.26659588284,110.678425482,0.288468720857
2015-10-28 10:00:00,0.0391467539332,0.54187367557,0.725022117411,0.797952234121,0.634195472072,396.299144625,0.674749039157,64.8832379684,0.687909093715
2015-10-28 12:00:00,0.0167884219798,0.0730842639804,15.368287911,0.119270827756,0.636517754215,453.499185508,0.450256213025,121.997663773,0.514481526281
2015-10-28 14:00:00,0.0035694355249,0.452981015647,7.53234587167,0.485607770194,0.481794371697,407.849027933,2.63769404604,9.01034545216,2.74486071647
2015-10-28 16:00:00,0.00670124723146,0.424991352751,4.61575156238,0.289910040218,0.271028716705,405.730108315,2.17559627822,62.4751065184,1.92265306099
2015-10-28 18:00:00,5.16320069316e-05,0.131680872086,6.70150503785,0.489557976058,0.141996543158,302.191909454,2.3333135674,59.8980483231,0.174644659351
2015-10-28 20:00:00,0.0676754705789,0.284828163144,0.444048914899,0.233380295497,0.270980190542,396.182574447,2.31406624933,94.5809579756,0.394680008738
2015-10-28 22:00:00,0.040133572918,0.439442668983,12.9128873839,0.666880416925,0.085324326642,151.289719756,0.225141107755,95.6805585804,0.498593319584
