,yield,0,0.319091106118,15.0556459543,1.9506354716,1.45159337639,482.281838435,3.64829772248,65.8737327438,2.53578607573
2013-11-24 00:00:00,0.0656662334347,0.833690013126,16.6314151225,1.55711783648,0,435.360502865,1.63900232408,71.7321682847,3.76664552445
2013-11-24 02:00:00,0.759383599855,0.486677110665,14.0586732062,0.316440905474,0,494.35816759,2.43800720937,162.661599293,3.12579325287
2013-11-24 04:00:00,0.202366650195,0.744312306907,21.5653046931,0.69940086308,0.255175470144,437.120373633,2.65262577219,173.047145929,2.89876666022
2013-11-24 06:00:00,0,0.582146394509,19.6679851885,0,0,481.446499093,5.19223527295,211.935165558,1.27259772361
2013-11-24 08:00:00,0.580634497287,0.700232275833,19.3996483114,0.509879791703,0.679540597604,489.091820739,2.71720743749,46.2890071718,1.85625714678
2013-11-24 10:00:00,1.03276111841,0.517393937107,17.6068848675,0.22571577156,1.51848476397,496.427492207,3.98155390879,150.998901306,3.2442689553
2013-11-24 12:00:00,0,0.446055689043,19.4209083077,2.16756296008,0.0241377989412,478.175457496,2.44190066961,77.07813945,3.20390583301
2013-11-24 14:00:00,0,0.458258456606,20.9728252237,0,0.407572557273,475.738119473,2.16754428294,173.682135068,3.29652923693
2013-11-24 16:00:00,0,0.448744471171,13.5036776699,2.40758016087,1.02226480557,431.601359349,1.98723262949,194.907496586,4.16288395582
2013-11-24 18:00:00,0,0.758686701366,8.91410327378,0,0,496.726937773,3.45207733078,66.0908278274,4.18386345439
2013-11-24 20:00:00,0.908989062172,0.662928258112,11.5940356643,1.66613911367,1.30603546337,417.210793778,1.83175647933,205.597849599,3.88280811059
2013-11-24 22:00:00,0.671244110155,0.354129564635,11.9508165696,1.63823512444,0.174512809651,492.842253071,2.8115192873,197.203353759,2.47774048254
2013-11-25 00:00:00,0.00274108780083,0.408396816487,17.6148922667,0.543219731513,0.200823585767,423.911194441,2.66040826998,218.408866144,2.34314233004
2013-11-25 02:00:00,0.39633031734,0.580017894557,19.9694881782,0.507034201281,0,439.243071712,3.72525522046,110.146495897,2.00564412756
2013-11-25 04:00:00,0.868637427005,0.653190802248,10.7992383357,2.56866094829,1.33762764963,494.432621869,3.39342228994,65.0637320031,3.04761822406
2013-11-25 06:00:00,0,0.594224197158,18.2799250632,2.88823562621,0,482.201927774,3.30238902385,104.772192703,4.38088244661
2013-11-25 08:00:00,0,0.430565319155,16.5102727268,0.481152629635,1.81944354971,480.66312341,3.86961370651,211.726869431,3.01986756852
2013-11-25 10:00:00,0.0497587510156,0.684176184038,8.7320975208,0,0.182040712308,430.169058489,1.86947327042,220.99124332,2.6385041226
2013-11-25 12:00:00,0,0.775685322769,19.8575963056,2.40715140702,0.755060860209,462.653181601,4.94709269355,74.866498746,1.83725646981
2013-11-25 14:00:00,0,0.317117748343,8.55735552216,0.704581745187,1.78824637146,471.466072801,2.13657154322,97.2188914056,4.09501183282
2013-11-25 16:00:00,0,0.400909798723,18.1070651392,0,1.26569198286,478.064589062,3.25302773958,209.275516477,4.4337529291
2013-11-25 18:00:00,0,0.786758970235,21.7054373854,0.243888336765,0,430.819685594,4.67648702242,124.379097138,2.5116376602
2013-11-25 20:00:00,0.250525635699,0.349489285445,12.1175587895,1.91557993745,1.96106901274,428.624303633,3.35541923721,175.123889395,3.2650628106
2013-11-25 22:00:00,0,0.824393334247,15.5905414324,1.59291940856,0,492.356287835,3.7233825193,197.964305776,2.2447593663
2013-11-26 00:00:00,0.642244147201,0.556562112694,16.5402989141,0.734739726343,1.50682115873,470.8690254,2.78518942598,57.5928300099,1.60631122021
2013-11-26 02:00:00,0.526065294392,0.622167378351,18.1061828419,1.88331478038,0,442.743887007,3.290602653,226.291495179,2.79965612013
2013-11-26 04:00:00,0,0.78550243945,20.3154406356,0.126836572055,1.06126349004,423.285032947,3.83833187698,76.7101954937,1.2159006898
2013-11-26 06:00:00,0.772970900365,0.77384082789,14.4831450273,1.65773080125,0,467.628236311,3.68067234444,68.3760858975,2.35509996091
2013-11-26 08:00:00,0,0.435552034426,13.3241217953,0.880614788872,0.477828121969,499.64464519,1.58472334255,126.616325397,3.87260621466
2013-11-26 10:00:00,0,0.489303989583,11.635542837,2.87901241035,0.552417013853,482.807742734,4.75539744513,85.6326867145,4.18605413215
2013-11-26 12:00:00,0.664189702686,0.576346481965,22.0720375317,0,2.13991361436,479.925812673,2.82346909735,206.336111236,4.06036181633
2013-11-26 14:00:00,0.326635781407,0.424021812036,13.1181594595,1.55650506524,2.04006418033,438.334530152,1.61001191723,89.7024231158,4.27552100874
2013-11-26 16:00:00,0,0.821995605023,15.1329249377,0,0,451.614418415,2.34528970586,122.573581031,2.89984204345
2013-11-26 18:00:00,0.649901746999,0.378793441864,14.5146217143,2.71672581122,1.79384421287,468.755288161,4.48081327013,102.688427311,2.31861893301
2013-11-26 20:00:00,0,0.473058458507,16.4134717305,0.591760319145,0,478.009148587,4.2572169339,214.689051684,3.50208211924
2013-11-26 22:00:00,0,0.43692353478,21.6645967364,2.07362397655,0,412.140518468,4.40429241554,133.083260896,3.66603797242
2013-11-27 00:00:00,0.24111614195,0.705910186229,19.9903255794,0,2.10300607822,486.374482672,3.16320069835,76.2455196217,2.91764415503
2013-11-27 02:00:00,0,0.413385568538,17.2131888338,1.56888501769,0,431.83851572,2.69567376065,192.295493259,2.45932847807
2013-11-27 04:00:00,0.865140204907,0.285158845368,15.8780740271,2.70988747779,0.411215605501,470.217077949,3.00831292102,226.315406777,2.66849131582
2013-11-27 06:00:00,0.138069622657,0.742515944475,15.8897931295,0.559562780971,0.486561652534,474.093366456,2.39045784335,45.3449311197,3.67400257969
2013-11-27 08:00:00,0,0.365882956686,9.48558662755,2.5338736919,1.97109915259,497.279984023,4.542732841,89.9630337005,3.57472544504
2013-11-27 10:00:00,0,0.578915190343,10.9879812238,0.622430821607,1.36174159084,472.873585505,2.38635199091,90.2175563885,2.36870100487
2013-11-27 12:00:00,0.481585042948,0.402121004015,16.0390676294,2.47867341906,2.18734819039,462.156169126,2.06390182617,189.372436797,4.16617779205
2013-11-27 14:00:00,0,0.760029206881,12.2271782358,1.72328494714,0,460.124722601,3.13327577493,178.205413264,3.59755331695
2013-11-27 16:00:00,0.933155304226,0.446799321738,12.7764244941,2.25530979319,0.755660807805,440.179849351,4.77178373953,137.395815135,2.89625877914
2013-11-27 18:00:00,0.581138855656,0.749239659528,15.611366165,2.14220859981,0.72158868364,441.832719208,3.06593241813,110.131691961,3.18863731307
2013-11-27 20:00:00,0,0.660936894079,21.6948966136,0.589314044756,0.305890991982,487.460754408,2.67402973778,154.444826322,3.69626576488
2013-11-27 22:00:00,0,0.525043711577,19.7212607821,2.16059746755,0.695589717663,479.657949805,4.27768984574,89.6961227985,3.83900021603
2014-01-23 00:00:00,0.920603572435,0.304074587419,13.8726823551,1.1332582403,0,475.037766482,3.30478318184,199.417245338,4.0293178085
2014-01-23 02:00:00,0,0.307735310814,16.1466222475,0.425348849027,2.18320950174,447.451298411,1.83835174619,123.376468876,3.56909553268
2014-01-23 04:00:00,0.39815476845,0.803838511608,11.1318127465,0,1.11703920379,502.964965971,2.18284213667,192.069783209,2.60123150468
2014-01-23 06:00:00,0.58615802633,0.537406935748,13.6851304362,0,1.32967263053,449.234780739,4.89456000535,146.47738204,3.74985462267
2014-01-23 08:00:00,1.01607619147,0.64826258091,9.13219268192,2.39406673143,0.131482143015,483.641728122,4.46978333735,181.091286959,3.73596275311
2014-01-23 10:00:00,0.962432562813,0.731227168863,10.7526141858,1.75839118882,1.73941303106,418.742993021,2.80075065569,140.252673597,3.28499133243
2014-01-23 12:00:00,0,0.735037313573,14.7213784539,0,0.973649377305,464.379740658,2.73260815461,57.463672224,2.95180475897
2014-01-23 14:00:00,0,0.825149763517,15.1340537742,2.67987535052,0.794606553073,440.364399347,3.07491620988,158.713605823,1.2713946066
2014-01-23 16:00:00,0,0.798207457337,13.6404171077,1.93968158802,0.31339707677,433.582269155,4.71660199903,129.479505993,2.39037436412
2014-01-23 18:00:00,0,0.562113506919,21.2803630553,1.60445617452,1.69502905874,447.0254375,3.89443239026,65.8403011429,4.18684990023
2014-01-23 20:00:00,0.557482858394,0.661183788054,9.63413576174,2.84866729065,1.77650376823,410.000684877,2.05469941025,114.767497193,1.93630084215
2014-01-23 22:00:00,0.472043223569,0.304997587354,14.8003064833,2.00871799235,1.51336335951,502.584043594,1.91281617552,135.234568517,1.71127044715
2014-01-24 00:00:00,0,0.625067171033,11.4803334149,2.13996931431,0.898503004558,409.816733739,4.02203536311,223.511600381,1.3456738427
2014-01-24 02:00:00,0,0.667201354591,13.3176361757,2.33444540161,1.01960152066,453.571618272,4.22501782026,53.7287944434,4.24345633997
2014-01-24 04:00:00,0,0.385166860794,14.6480703006,1.81681099801,0.283063469669,471.791759072,2.21622803236,127.375560074,3.3335335261
2014-01-24 06:00:00,0.308024276027,0.811634392538,10.3440743058,0,0.632286242668,442.005358482,3.99149490049,177.812696914,2.71377914349
2014-01-24 08:00:00,0.609924903368,0.464699496164,12.5973544091,0,1.57304313616,427.125858958,5.19974663264,49.5773062232,3.197530507
2014-01-24 10:00:00,0.501416415131,0.387579353145,20.6693366371,0,0,430.004368494,3.114503943,110.518745444,2.8037429757
2014-01-24 12:00:00,0.309606389347,0.795431693205,18.844400886,2.58234570904,1.68603768425,466.849534105,3.83523401115,147.011989182,4.29782766854
2014-01-24 14:00:00,0.489098941768,0.411808022355,19.862905798,2.14994691569,1.64892957666,412.428616431,4.96270303775,73.0117718626,1.75916245639
2014-01-24 16:00:00,0,0.488810670856,11.3515018589,0.347567324321,0.0338516143592,483.243674219,3.27040668907,44.2106919534,1.48287934727
2014-01-24 18:00:00,0,0.518389744979,10.8867724069,2.30498682421,0,472.932485321,2.41177386583,225.296378086,2.52454269074
2014-01-24 20:00:00,0,0.71905806231,14.4983725128,0,1.89121126578,471.481160167,4.24397727129,169.503361027,2.21243954464
2014-01-24 22:00:00,0,0.448376600018,13.7784217096,0.306253190796,0,465.715833335,3.06223800542,214.486168794,2.17825502891
2014-01-25 00:00:00,0.302669274342,0.626319763967,15.6626570436,2.05106537835,0.843676875993,469.270566436,3.2223955995,70.0008443279,3.03475931279
2014-01-25 02:00:00,0,0.74967043813,11.6526735375,2.63365180807,0,449.234937955,1.57901806496,136.021527763,3.98662811001
2014-01-25 04:00:00,0.824542164996,0.808064903602,22.6398991364,1.69435011564,0.333714780566,436.473629506,4.48722806577,79.3755302774,3.18911129674
2014-01-25 06:00:00,0,0.801540581895,8.63053961636,1.71272785442,0,494.541004878,4.42869032725,153.450635123,2.33738031536
2014-01-25 08:00:00,0.847183839533,0.311302693683,14.9150487157,0,1.01744868343,426.680234595,4.63251957879,231.123388756,2.69712772031
2014-01-25 10:00:00,0,0.348263236419,11.9051763366,0.431823345257,1.52085093506,411.034087281,2.77614005622,80.9228767156,4.02553194568
2014-01-25 12:00:00,0.818677486872,0.387951709747,17.7593250109,2.55851270421,1.6638622597,487.69114878,3.73188274502,224.555813518,3.85760625063
2014-01-25 14:00:00,0,0.444788963183,11.1909862576,2.65030737266,1.55981005598,416.087177068,4.60437359645,213.034728572,1.82614291155
2014-01-25 16:00:00,0.383830188371,0.678098719968,21.8965248133,2.62976163224,0.694684726282,411.618453086,4.34794907805,144.276935105,2.67318013514
2014-01-25 18:00:00,0.981749182089,0.516685696894,21.7637871137,0.345701353821,1.75966745121,418.850416252,4.89062700728,162.296934744,2.94305389462
2014-01-25 20:00:00,0.0106890993089,0.372487501039,13.5363706345,0.402482849072,1.64559889208,468.840633424,2.86848563487,43.8287477834,2.53801461023
2014-01-25 22:00:00,0,0.272063541197,15.6454237665,0.191128517891,0.723568698505,465.413168932,3.33960144946,187.725100202,2.04388294208
2014-01-26 00:00:00,0.23794053711,0.716918558317,15.4828609977,1.41951056863,0,484.793371715,3.77163602844,65.594214926,2.72039037107
2014-01-26 02:00:00,0,0.617595955493,9.59750513479,1.24576581046,1.38814673758,435.843386048,3.44806986025,203.062428777,1.41663717784
2014-01-26 04:00:00,0,0.517193935136,13.6639192034,2.88526391031,0.954393271978,485.130620966,2.44694060685,55.0103009391,4.09569644764
2014-01-26 06:00:00,0.467337172432,0.820178229664,17.0915371985,2.8259308931,1.94675306717,461.302139611,1.92042691913,212.477811198,1.53141500139
2014-01-26 08:00:00,0.983097830542,0.696941610637,8.80253799511,0,0,439.467465853,4.61212774294,162.235589364,1.68825428317
2014-01-26 10:00:00,0,0.546199935801,11.2848401692,0.94512135003,2.09848157538,425.325025577,3.5846399672,123.871204859,1.35973809625
2014-01-26 12:00:00,0,0.752948137332,11.6571388529,1.35381534103,0,431.752846389,4.58018905809,144.433492805,3.10963002044
2014-01-26 14:00:00,0,0.524825149408,22.0612384421,0.127790872755,2.16984847313,468.713293269,4.2777040417,72.6523750315,3.2039164874
2014-01-26 16:00:00,0.0730433795766,0.509365872824,18.6950914982,1.09155346292,1.67423545427,461.013427447,2.4180703542,148.373251374,2.2031022595
2014-01-26 18:00:00,0,0.448016035688,20.5306140539,0.558944432535,0.238746087894,454.49576638,2.90791736949,195.259382192,2.332119339
2014-01-26 20:00:00,0,0.696114317183,9.00417635063,1.43998691412,1.84234243881,432.133053791,5.20961617782,46.6785386675,3.40806438361
2014-01-26 22:00:00,0,0.642554515064,10.9921134763,0,0,464.266447939,2.29881800226,227.663145583,2.12295887255
2014-03-24 00:00:00,0,0.286719247891,14.9430755375,2.59065423701,0,421.270785699,3.8939151248,186.676168369,4.29592962429
2014-03-24 02:00:00,0.600943315552,0.606328155262,19.7974829624,0.555322168141,1.19284734892,412.499737371,3.47559612683,170.516949701,2.05595297816
2014-03-24 04:00:00,0.250566266787,0.65957649854,19.5773161242,0,0.578930904031,409.873494167,2.21324241563,163.887395565,1.46249827779
2014-03-24 06:00:00,0.342131394738,0.590052148686,11.9385270658,2.25005715513,0,496.717669034,2.87620546696,157.181503916,3.49505470699
2014-03-24 08:00:00,0.0650227027762,0.354954723191,13.679610099,2.49746091198,0.456807605417,465.137654044,3.69443090993,80.6130917012,3.74277281811
2014-03-24 10:00:00,1.03510891841,0.433390045706,21.026635948,0,1.95909190392,447.980100557,1.82369937223,106.806631143,3.99006088566
2014-03-24 12:00:00,0,0.610752609053,14.0003545426,0.55732769946,0,492.616129254,3.81290834635,148.671962315,4.12183040775
2014-03-24 14:00:00,0.44939110099,0.667788377887,17.7656573528,2.462724872,1.2455591437,419.999165084,2.70526192838,119.449915246,2.50765207858
2014-03-24 16:00:00,0.344767903128,0.336583775534,13.0848644038,2.62542334583,1.90303078221,431.437403543,4.34080751409,101.478980159,3.41581784806
2014-03-24 18:00:00,0.798789443411,0.733281166755,9.47406931823,1.04449926067,0,460.837056664,3.19467353162,185.387114335,2.2333918334
2014-03-24 20:00:00,0,0.578325276262,12.6317752347,0,0.316119570958,452.02847988,4.13819101755,118.98374069,1.66636390734
2014-03-24 22:00:00,0.992724581372,0.550618449088,19.1680392788,0,1.61099773097,442.184464299,2.56170829897,48.484907779,1.50615114092
2014-03-25 00:00:00,0,0.491449890774,22.1301020013,1.28302151709,1.6440821183,423.961011877,1.65729335679,89.9149401545,1.26975480447
2014-03-25 02:00:00,0,0.664129646711,12.1943839009,1.71899667235,1.69399341117,458.697874039,3.46281875296,97.7893972241,2.07809299681
2014-03-25 04:00:00,0,0.703003716088,11.9395198553,0.531706500261,0,442.949171137,4.81892694766,191.795074775,1.5197421173
2014-03-25 06:00:00,0,0.365288058217,14.3989166811,0.291691808683,1.12956007895,467.663005781,4.09875482614,136.674561851,2.71948962641
2014-03-25 08:00:00,1.03086886531,0.700084630602,14.8485382113,0.983111906067,0,429.057519061,1.99108046,48.6158846453,1.43734071099
2014-03-25 10:00:00,0,0.759724979182,9.19501134442,0,1.5647527357,468.748469105,5.05083957593,204.327547208,3.59455477931
2014-03-25 12:00:00,0.101317282118,0.374510008942,13.0525146636,0,0,454.611451514,1.97398446818,175.253209687,3.45979024996
2014-03-25 14:00:00,0.172577486618,0.598370238189,16.6418758628,2.07963576323,0.922997653829,450.459555563,2.66614675782,210.546846129,2.27839721445
2014-03-25 16:00:00,0.0739915323856,0.349931414511,19.6708026066,0,2.1778238537,469.717778625,2.55712036339,92.5610505651,2.87765849887
2014-03-25 18:00:00,0,0.608680957625,9.11928094272,2.73147056607,0.392873380723,411.037179364,4.47354497053,48.0705410253,4.32068604235
2014-03-25 20:00:00,0.399483947909,0.698946491928,22.5304813341,0.0460036994125,1.90434786272,424.79609881,2.75569072566,44.1670057559,4.3159300713
2014-03-25 22:00:00,0,0.671637801056,14.1597307599,0,1.07940759482,413.028003537,1.9071377264,157.355589184,2.22512822743
2014-03-26 00:00:00,0.0636925922619,0.543751268796,9.39934068256,1.70729511807,1.02621619985,498.99041642,5.07798569151,220.38075606,2.85811978433
2014-03-26 02:00:00,0.764594417861,0.419371872753,16.3439729407,0,1.52157437662,499.713492879,4.42089000823,90.514447848,2.35180162054
2014-03-26 04:00:00,0.261456260249,0.564285352203,8.83245686872,2.40556305925,0,498.681702929,2.86824547558,86.0670481462,3.4670394008
2014-03-26 06:00:00,0.762991751075,0.626104258787,9.63996180859,2.72175581213,1.51703135019,494.2947443,2.31259602969,142.439974444,2.59139877787
2014-03-26 08:00:00,0,0.658501233244,17.4833037016,0.796099945975,0,460.86141587,2.53649058178,89.5267377865,1.72003571226
2014-03-26 10:00:00,0,0.531804223622,10.100956855,0.595956622159,0,417.432807511,4.0740322298,39.4594249741,2.60563852823
2014-03-26 12:00:00,0,0.620416389212,14.4377298389,0.198141245793,1.42462826846,419.622284743,4.05633176451,162.115075178,1.42459533
2014-03-26 14:00:00,0,0.687625498501,13.9433024561,2.30714205828,0,473.825850821,3.33193687559,139.334384663,1.3228175042
2014-03-26 16:00:00,0.896175394039,0.507951831059,12.1669242558,0.231546072909,1.76895048057,476.261338687,2.51387929705,209.7383587,2.41005960398
2014-03-26 18:00:00,0,0.373441689912,21.9879004204,0,0,488.513958771,4.63537846668,136.99339395,2.65487977999
2014-03-26 20:00:00,0,0.74981353227,11.3658025937,0,0.619970592131,423.442996671,4.79987439019,106.29718098,2.31586986391
2014-03-26 22:00:00,0,0.312109874711,10.5111524066,0.434489903218,0.50538193766,420.023299285,4.05891259562,186.084562255,3.23660214044
2014-03-27 00:00:00,0.778363963705,0.297653774275,19.812661825,0.39885036118,0,481.720851609,3.13398969896,195.376767166,1.36364020024
2014-03-27 02:00:00,0.395502638267,0.683944753386,20.2019725927,2.34043874169,0,503.73039111,2.91363240257,61.7580993083,2.70295940032
2014-03-27 04:00:00,0.435326842455,0.398616676373,13.8227384232,2.45867640461,2.18086103707,471.843720549,3.77737178433,69.1177131923,4.13793331305
2014-03-27 06:00:00,0.737133766212,0.387306814369,17.4802087718,1.91995555267,1.21647674146,430.176894397,3.3032202835,61.4212658271,2.95561421661
2014-03-27 08:00:00,1.00009038738,0.579418041533,14.7878402241,0,1.04709136815,457.14290426,3.35087533891,42.5580529939,3.50946340331
2014-03-27 10:00:00,0,0.833013700136,13.4986210344,2.22804316748,1.75529827441,486.964084979,3.4928159642,144.013699986,1.90983652173
2014-03-27 12:00:00,0,0.589621994868,16.9543016875,1.50319039983,0.40193096731,484.788730488,4.91720801422,64.8855959259,3.37387919902
2014-03-27 14:00:00,0,0.632309903569,13.0598087279,0,0.625792108877,443.972657175,3.98150125655,40.837726163,3.05455891068
2014-03-27 16:00:00,0,0.687381520596,18.124751982,1.47095170433,0,457.261139634,4.26879513809,100.872014154,4.21380965641
2014-03-27 18:00:00,0.91063579573,0.593082585522,18.9513363581,1.92080744878,0.562640980462,431.413965464,2.09135558165,60.1022030664,1.94994814323
2014-03-27 20:00:00,0.784352787073,0.417337194418,22.6346566666,0,1.08262172695,493.505770715,4.44419229415,50.5369271351,1.19933003993
2014-03-27 22:00:00,0.0294280229827,0.777936177659,16.1748228429,1.24472485591,2.04199262023,499.382321148,2.62233308201,188.922939182,2.77879131442
2014-05-23 00:00:00,0,0.515996557312,22.474430483,0.478887640021,0.475326952458,484.668850868,3.04913738505,209.270440165,2.76436425812
2014-05-23 02:00:00,0,0.684973487632,15.1196549198,0.161091597745,1.95207269284,436.528042801,2.00330766217,182.134053648,3.94960056499
2014-05-23 04:00:00,0,0.70362973137,12.4742369612,1.35497746805,2.00038811966,477.308172657,3.71320697684,170.20786665,3.79777366661
2014-05-23 06:00:00,0,0.51637274676,8.6788968839,0.943747816765,0.0504948989395,494.779967539,2.95270827359,202.944975554,1.73997920238
2014-05-23 08:00:00,0,0.590931732808,17.0866700882,2.76857412027,1.28145431546,431.301222665,1.69241566096,94.3109625109,3.73002622372
2014-05-23 10:00:00,0.321321152754,0.433481291413,14.4458067207,0.984761294568,0,450.471046486,2.16151512447,227.416810985,4.05930176705
2014-05-23 12:00:00,0.0994356068148,0.831177219284,15.8384794049,0,0.796347236446,476.112286133,1.89324960015,138.703540029,1.85545680071
2014-05-23 14:00:00,0,0.563289622086,17.2559422533,1.18499191867,1.29369424054,477.970552765,4.41746681843,199.162462735,4.01669916983
2014-05-23 16:00:00,0,0.347660923962,14.5348813458,0,1.93580474485,467.56526704,4.39958952736,148.860632765,2.83977056294
2014-05-23 18:00:00,0,0.544306741363,20.1089877426,2.64121888234,0.52301807854,443.961854475,3.10186655871,146.930308392,3.61841202179
2014-05-23 20:00:00,0.961152377493,0.821874177069,22.484324803,0,0.766143244806,410.300284904,5.1006136461,68.0588862958,2.34852134022
2014-05-23 22:00:00,0.277681034787,0.697827619067,12.6287976747,0,0.316434673022,420.62630497,2.16912528151,77.6634034056,1.28033622448
2014-05-24 00:00:00,0.893693804395,0.823855056579,10.0499211327,1.24752109097,0.661087502504,495.92575209,2.59550155837,145.948903307,1.93821948459
2014-05-24 02:00:00,0.355130589197,0.38832011143,17.3583504546,2.15862275119,0.395726136756,415.748462854,1.88642873866,212.375779465,2.80302237411
2014-05-24 04:00:00,0.025150537011,0.58234132869,13.8845294832,0.217506253454,0,492.533947485,1.77778639592,61.667946347,1.78947131896
2014-05-24 06:00:00,0,0.532210458513,18.7461941494,1.70699415271,0,474.131849673,4.0869086827,106.926619981,3.02373275521
2014-05-24 08:00:00,0,0.495511623768,19.2288756065,0.220934531448,0.296468228694,426.241101051,2.69278902969,69.3223086645,1.50500983257
2014-05-24 10:00:00,0,0.737343449515,9.45791045706,0.488344348318,0.101101651534,471.051414105,4.66224294452,183.093860852,3.84971321956
2014-05-24 12:00:00,0.161654587086,0.354620744251,13.9480914644,2.75661488983,1.43080068354,454.228915613,2.2959309304,147.35591811,2.26270671845
2014-05-24 14:00:00,0,0.558968428984,15.0188978331,0,0.886379308706,420.736727905,2.46990469257,214.254970313,3.56828998137
2014-05-24 16:00:00,0.927306349344,0.774222426177,20.5674005062,0.637173031386,0.468740493564,497.882979328,4.82795156166,52.5426036498,1.57652539328
2014-05-24 18:00:00,0.0507521015971,0.811583949373,19.7556265435,0,0.867524061233,435.124230808,3.80198835066,40.5461100259,1.68552755349
2014-05-24 20:00:00,0.945874933397,0.28970955254,10.0859604731,2.37685502167,0.530939985956,467.746189681,4.42119443079,141.745015008,2.99727727928
2014-05-24 22:00:00,0,0.773000987312,13.6300646327,1.79246471755,0.943572968117,489.123065839,2.89356587435,86.5189423507,1.23026043315
2014-05-25 00:00:00,0.421607654329,0.527119325251,22.1046354686,0.784817259087,0.727423066641,491.737563521,3.23285553256,196.661436737,1.96296503594
2014-05-25 02:00:00,0.399931312531,0.80040812575,22.624769233,2.0565048735,0.86938909116,445.758587181,4.94939748225,166.105293641,3.97980109439
2014-05-25 04:00:00,0,0.740288203949,21.4054105406,2.06056052837,1.89578670918,504.27838693,3.31909963406,181.863659515,1.5712479061
2014-05-25 06:00:00,0.00266802131676,0.462360717356,8.94326095803,2.08708097504,0.165894570339,479.475973502,4.86991429321,130.218249201,1.87842944963
2014-05-25 08:00:00,0.79206934254,0.427741331868,20.6258234178,0,1.33337468423,496.807572081,3.37922920161,44.5592410792,2.01943714203
2014-05-25 10:00:00,0.888164007522,0.66727224316,21.9404412719,1.67164304566,0,442.533548313,3.31743111162,181.415309745,3.50303262526
2014-05-25 12:00:00,0.643963726372,0.35510063219,12.2610661914,2.1592908477,0.0744370836298,412.728000203,3.72065443228,102.317865331,2.70465861769
2014-05-25 14:00:00,0.0654326586946,0.771687873063,19.6328627658,0.596266977476,0.748195250167,504.252364514,1.62547201907,110.495875746,2.77411769454
2014-05-25 16:00:00,0,0.611933147042,8.89517036279,0,2.01737895663,440.519670715,1.54885270964,171.09497277,4.25343797959
2014-05-25 18:00:00,0.257680371571,0.294876205019,9.49608544839,2.5700064186,0,494.742345452,5.02955145944,50.5350153061,1.59580439297
2014-05-25 20:00:00,0.44350210975,0.556956575936,14.5264750479,2.04286474271,0,492.947195449,4.32039723609,91.616601243,3.15183193086
2014-05-25 22:00:00,0.214028154808,0.648995203879,14.2189425122,0.1309755145,0,445.013256377,2.04239003525,225.772392681,2.35783940969
2014-05-26 00:00:00,0,0.589000501699,12.5159054866,0.596071936535,0.524564187239,488.074596602,2.74378088564,64.8775960866,3.72396075911
2014-05-26 02:00:00,0,0.402232436683,13.1413523016,0,0.595034306071,492.838418086,4.03634807588,115.61082259,3.78723276199
2014-05-26 04:00:00,0.711892654163,0.526124216568,19.3468916398,1.38697032686,1.58900215616,427.782605081,3.92771080416,176.419566261,2.63733706385
2014-05-26 06:00:00,0,0.790499456131,11.9561084402,0.203987246401,0.926242820898,427.071798066,1.54917779786,218.010661085,3.01214159369
2014-05-26 08:00:00,0.116721254602,0.82567923556,17.686556622,0,1.32501531469,466.360312126,2.58939266241,52.9039668273,4.09060288675
2014-05-26 10:00:00,0.237097609117,0.43783762871,12.593795161,2.55340163175,0,457.511564421,3.46019565538,225.727740456,4.12632946787
2014-05-26 12:00:00,0,0.636234726619,21.4525812406,0,1.43618247141,444.222952483,2.17633242328,87.8996233726,2.5691826854
2014-05-26 14:00:00,0.666105865702,0.305915910017,19.6426350319,2.31432649821,0,486.813986748,3.15665403399,130.368996413,2.08875955577
2014-05-26 16:00:00,0.862243865764,0.761843655132,14.6608000249,0,1.11931755448,461.771661391,1.75439522452,84.0612622595,4.08243239311
2014-05-26 18:00:00,0.495862134769,0.473526184333,15.300430773,0,1.12210299221,433.658821011,4.40120246529,101.727083221,1.21271803534
2014-05-26 20:00:00,0.798033687379,0.433017737209,14.2987091458,0,0.197164288179,453.400050242,2.53768929052,49.3416425332,3.62789048701
2014-05-26 22:00:00,0,0.575676288324,11.817568456,1.34706005335,0,463.82438283,4.90450827279,88.485821566,3.63275372841
2014-07-22 00:00:00,0,0.589110612021,20.2652963609,0.369141554534,0,503.002346412,4.67085189391,118.842709648,2.07741767465
2014-07-22 02:00:00,0,0.835115705471,8.48199686852,1.93846067121,0,453.82798225,2.02754591875,208.275232412,4.38827241045
2014-07-22 04:00:00,0,0.438683655854,13.0911304687,0,1.88004496596,459.688199485,4.58384487321,222.924285591,2.18190211289
2014-07-22 06:00:00,0,0.770750396144,14.9515836767,0.871587489001,1.98897781414,420.476524956,2.34798729046,65.1278869214,1.36813519518
2014-07-22 08:00:00,0,0.733398017596,12.0165870693,1.67127592075,0,484.674740786,2.65163020849,105.342156479,3.73089146618
2014-07-22 10:00:00,0,0.419070921041,15.560410319,0,0.803037664349,496.795313105,3.9848391574,228.09647314,1.23121503587
2014-07-22 12:00:00,0.870955909842,0.520836695646,16.4968118994,1.36839973721,0,431.876423053,2.02798674637,130.286211756,4.14474999618
2014-07-22 14:00:00,0,0.329841078578,11.0919547345,2.345659573,0.415963685616,456.740607928,1.92891714832,139.194635721,3.93817853264
2014-07-22 16:00:00,0,0.736426408755,13.6472362793,1.84209115065,0,467.019933235,3.87183431604,100.256784794,2.54209787146
2014-07-22 18:00:00,0.687806079461,0.501049257192,18.6069383736,0.736795983492,0,452.457446932,3.59707338002,140.756929738,2.40991109586
2014-07-22 20:00:00,0.704542079012,0.759409061214,8.75354296281,0,1.56643382243,459.323961399,4.32601327221,108.753972866,3.13738086995
2014-07-22 22:00:00,0.578588474056,0.699727476387,12.8832935962,1.19743489834,2.04051197445,480.107951551,4.14667323931,87.1409494804,3.46103477992
2014-07-23 00:00:00,0.515539718837,0.469363478374,14.3106764288,1.42971543398,2.07156394376,502.248559269,4.95881917596,168.238856387,1.98978607372
2014-07-23 02:00:00,0.00735025417079,0.647676464088,13.0055720412,1.76733128155,0,490.601280967,4.85339766098,103.315396429,4.43008904965
2014-07-23 04:00:00,0,0.519765315714,14.0582509027,0,0.19616341702,496.056054215,3.02822235128,209.319791005,2.60808094629
2014-07-23 06:00:00,0.263200741315,0.343462072408,17.9402029215,2.55685297954,1.65709250163,504.644594407,3.23864609994,103.866439966,2.94122672421
2014-07-23 08:00:00,0,0.307856737267,19.3369115472,2.5714049018,0.701399111112,429.498521403,1.9475148865,66.2656605987,1.69640767186
2014-07-23 10:00:00,0,0.736468502866,8.75866910717,2.51370091923,0,491.235244209,1.98766795899,115.663928475,3.12739002008
2014-07-23 12:00:00,0,0.40025307488,9.72638704187,1.98208126147,2.15393818231,443.762051929,2.6041171846,181.748961412,4.08424777743
2014-07-23 14:00:00,0,0.724664613871,9.85745115117,1.38256625894,0.493599838408,468.309965792,3.85937351144,42.7967032999,2.58857489091
2014-07-23 16:00:00,0.815761643388,0.676866277077,18.5350200711,0.765110841697,0.356163886337,477.2388131,4.50633561386,133.151141332,2.40363358569
2014-07-23 18:00:00,0.732198274508,0.510026791138,12.1563490279,1.65627198365,0,487.272676767,3.65651432182,92.934033089,2.72683020093
2014-07-23 20:00:00,0.725408403133,0.375033634021,10.9385779682,2.24889692381,0.661236417601,450.887506892,2.11058427134,107.7152797,3.32842891596
2014-07-23 22:00:00,0.331666198617,0.578396031319,14.2566077398,2.51088363988,1.87204616774,447.829787534,3.95533669337,92.8276407081,1.41073409371
2014-07-24 00:00:00,0.283554059848,0.358643086047,8.97214869677,0.907523240848,0,440.412612009,3.22560155173,209.133898593,4.02636373424
2014-07-24 02:00:00,0,0.480472304304,20.0469500451,0.23173114364,1.2327269638,455.185653965,4.1965707943,118.860271166,3.75602132427
2014-07-24 04:00:00,0,0.56693230681,15.0914191283,0.744860642396,1.48186236544,420.403855681,2.69658411467,153.059791654,1.94746238717
2014-07-24 06:00:00,0.716361346179,0.834750196932,19.222312156,1.21205322125,0,424.10338075,1.7362780663,71.0451411221,2.48193355528
2014-07-24 08:00:00,0.427381682444,0.763138946692,12.094818191,0,1.89591678726,499.292607945,4.40182374785,133.07661402,4.26016486872
2014-07-24 10:00:00,0,0.445274857471,15.2324290468,1.47826745061,1.80235641487,457.822379865,4.9768534648,145.607010148,2.49837323139
2014-07-24 12:00:00,0.898701063266,0.2934469096,9.72328865281,2.80543916382,2.05026955438,421.542338714,4.17857911672,226.6803201,3.03915587445
2014-07-24 14:00:00,0,0.309365780698,18.2671058851,1.08571723727,1.65481642373,440.728111125,3.31653653487,229.971014827,4.13307994209
2014-07-24 16:00:00,0.436027884626,0.54037499295,13.9877638939,0.0515624696438,0.65211601087,409.929556929,4.55312730303,140.8821883,2.02092401851
2014-07-24 18:00:00,0.889613302248,0.477422492262,17.1434334382,0.00734901397212,0.154948715306,433.951596067,2.64402986561,211.134883969,3.82710317452
2014-07-24 20:00:00,0,0.795065222343,11.5128409064,0,0,494.557740029,2.81240349378,216.368013217,4.42128186737
2014-07-24 22:00:00,0,0.538380992829,19.2134288159,0,0.40699626596,459.300884606,4.71247068185,178.520782496,1.6654279073
2014-07-25 00:00:00,0.841321291566,0.529679766802,22.4364919378,0,1.79712732649,451.171335387,2.71044270187,77.1158441297,3.95783528016
2014-07-25 02:00:00,0.624734594409,0.388293367205,18.793296032,1.92960749564,0.0374519786237,435.463705468,1.88825898102,57.5411951019,2.33618106219
2014-07-25 04:00:00,0.307786303,0.780900336947,11.6523127618,1.21138683964,1.13296220167,416.261978938,4.36085366285,206.574622599,4.35455921848
2014-07-25 06:00:00,0.439928234309,0.459920492725,17.8748247577,1.37736375667,0.980158855207,443.781516115,2.88037490567,79.302123624,2.27564136255
2014-07-25 08:00:00,0,0.309016128751,13.6719942859,2.53629118075,2.03315884753,451.019859554,3.5402333093,67.0738897364,3.27918845908
2014-07-25 10:00:00,0.768176929504,0.399510503702,9.98609445871,0.268258794923,0.168264552238,445.842132596,2.91417206411,45.8836313062,3.32021666045
2014-07-25 12:00:00,0.746701493772,0.354465719439,21.1147442446,1.55692539524,0.540159555865,473.306730994,3.38629781892,146.686527072,1.20011129173
2014-07-25 14:00:00,0,0.686801215228,15.4792624917,0,0,418.498612854,3.54512111553,74.1460176537,1.91373825064
2014-07-25 16:00:00,0,0.304671735468,12.1706269067,0,2.07380649484,490.569903324,4.03288171979,201.728817942,1.66596517504
2014-07-25 18:00:00,0,0.421556621792,21.5190016374,1.26231295393,0,459.690530042,2.37903312972,175.431600093,4.20898498794
2014-07-25 20:00:00,0,0.436231867441,10.4115000139,0.950366566737,0,458.309215051,3.78708512333,105.195515784,1.41052449322
2014-07-25 22:00:00,0,0.634119183299,9.48762379705,0,0.423779690504,430.120229883,3.20668998609,135.898038807,2.27181944448
2014-09-20 00:00:00,0,0.641664893527,18.3047240285,1.93095977693,2.09612249936,427.488930644,2.97002648434,55.9469709083,4.1788113602
2014-09-20 02:00:00,0.549941310323,0.630561339808,17.8349379876,0.260581771978,0.950989855329,472.174020403,2.44154633596,187.405461656,3.25389708104
2014-09-20 04:00:00,0,0.322869845592,11.0053860318,0.386758098077,1.16687751978,471.750455345,3.08299271985,149.48265198,2.98498575855
2014-09-20 06:00:00,0.779251301824,0.395858275627,17.9830463886,0.524934111232,1.8574844787,466.179232089,4.91545072545,149.621069775,1.55257365043
2014-09-20 08:00:00,0.317587064305,0.344976780981,14.1973843645,2.68913845851,0,426.524548952,2.75839374435,57.6366724955,2.91869246278
2014-09-20 10:00:00,0,0.625341093691,17.2683326284,1.3847656938,1.23491384832,428.307928672,2.55369859957,142.910679172,3.18563978799
2014-09-20 12:00:00,1.04250531988,0.569176731669,11.3528456335,1.36857341577,1.95974092132,479.048605457,3.37219485512,104.911327876,3.71199446752
2014-09-20 14:00:00,0.841807735777,0.664399481348,13.3289038407,1.23225649405,1.94437554179,418.104759621,4.68138627912,230.767901164,3.22888385486
2014-09-20 16:00:00,0.257234955109,0.41394301426,16.2933677105,1.6843304551,1.04412626663,410.006551909,3.29829421348,68.4199606632,2.97779551685
2014-09-20 18:00:00,0.408274224694,0.573184058278,10.6715856396,2.49534367943,0,479.011339002,3.42867448706,85.0951614693,2.6339011188
2014-09-20 20:00:00,0.14924085487,0.679653269651,10.7286476149,0.833168559283,0.358170420872,418.455255522,2.87388241473,88.2141536851,3.79798981152
2014-09-20 22:00:00,0.487851808097,0.478283506355,9.2886743681,1.65400729975,0.127255457721,486.259897136,4.48026675702,161.152123213,2.55689254679
2014-09-21 00:00:00,0,0.836634895614,18.9022910663,0,0,495.799018422,4.33109996276,59.4946767864,2.19867226542
2014-09-21 02:00:00,0.589147170337,0.326631092203,11.0722328587,2.80371693472,0.803638212337,500.439472988,3.55813027628,76.7914891388,2.59513683837
2014-09-21 04:00:00,0.23708988105,0.644816522348,9.40509713694,1.07194180181,0.22115398776,499.561726161,5.04452467974,107.546954075,1.98668805964
2014-09-21 06:00:00,0.0882652706508,0.667649373708,17.2668071337,2.85020113067,0.543132875696,464.103435458,3.81468941946,122.721474503,2.12205110083
2014-09-21 08:00:00,0.553741029699,0.468410690928,12.8921840295,1.8548321845,1.85453866903,466.504241536,4.78908975722,87.9143356094,3.27854168097
2014-09-21 10:00:00,0.466125275062,0.484461703501,9.31161773465,2.0425480813,0,463.556315466,3.15861960079,53.4919182953,1.75762811253
2014-09-21 12:00:00,0.668100308701,0.581030155249,17.2694896748,1.55884255963,0,449.275015165,4.9034802318,182.129053102,1.30963198533
2014-09-21 14:00:00,0,0.685467394313,20.8019225691,2.55468756988,0.182935535405,447.228566601,1.71504501298,187.865721628,4.07122238965
2014-09-21 16:00:00,0.688826140816,0.719942644208,17.23132356,0.421432606547,1.40004638135,415.152301473,4.72075813958,115.316036336,1.72189393216
2014-09-21 18:00:00,0,0.705565384099,15.2570240218,0,1.75880280765,450.073787004,3.76434377378,83.8830567191,3.90888988814
2014-09-21 20:00:00,0,0.439776290599,14.5379698806,0.666282906286,2.16523248182,447.969601111,1.57378422372,218.772111467,2.5230439976
2014-09-21 22:00:00,0,0.822527102275,16.4516882671,0,1.7330481856,458.624778755,4.82165957747,115.865627093,2.33862847074
2014-09-22 00:00:00,0.596030137826,0.587538537006,13.6103250602,0,0.749817464665,442.51048537,1.57451136672,181.459179893,3.28276931416
2014-09-22 02:00:00,0.526085924724,0.624812926999,15.5447600198,1.46420734966,0,436.98000907,3.44073506941,171.45433359,4.14755493219
2014-09-22 04:00:00,0,0.326076507984,21.7337044065,1.76189087617,0,503.933755887,4.72845686439,67.90553621,2.72093861869
2014-09-22 06:00:00,0,0.82182975402,15.4497288812,1.80495529057,0,463.081952338,1.83691518379,76.2161861922,2.33991439791
2014-09-22 08:00:00,0.32887405372,0.469277259521,20.7940379773,0.39213762796,0.443116217454,438.842523064,2.49994693239,72.6710485613,1.74632409131
2014-09-22 10:00:00,0,0.732362686727,10.5557176962,2.20210033503,0.877257756012,427.469789475,1.99058020042,219.212598696,1.7100607937
2014-09-22 12:00:00,0.106454746762,0.518948747302,10.7590364058,0.597608588064,2.12670402148,461.736981466,2.40976689847,185.472843052,1.91591351696
2014-09-22 14:00:00,0.413399035591,0.512577753432,20.9997907548,2.80784349847,1.01495912251,474.767264692,2.82949740521,162.699238574,4.45161994976
2014-09-22 16:00:00,0.537199758047,0.672898094135,14.3652559859,1.45280044688,1.18316001973,500.058161687,2.31126309088,205.047182941,3.1719789613
2014-09-22 18:00:00,0,0.49508217542,9.49837068795,2.58262846779,2.19410338029,428.330373575,4.09281392221,90.1979582539,2.91757323895
2014-09-22 20:00:00,0,0.273705343747,12.9022333041,0,2.16258336032,476.606064952,2.1294831889,216.699835489,1.2534209184
2014-09-22 22:00:00,0.0793459979114,0.47274452465,15.4359900473,2.86591474698,1.41773836731,505.268354193,1.58522902428,221.949736109,1.57505358516
2014-09-23 00:00:00,0.768555631221,0.717233288055,16.734665433,0.53672386618,0.848224375717,418.916556336,2.80351095585,39.4035073342,3.53032136568
2014-09-23 02:00:00,0.39497005992,0.776807455032,20.1492902085,0,2.00330936406,440.46950809,4.69720786808,152.00510828,4.44426809945
2014-09-23 04:00:00,0,0.810454193531,12.9938248049,0,2.0268443839,502.731940759,5.00826245914,183.267526169,4.18414806812
2014-09-23 06:00:00,0,0.422922216987,12.4591600507,2.71000678876,0.957561661399,468.318279727,4.30097516407,204.209789032,1.3789112583
2014-09-23 08:00:00,0,0.425582372043,16.5608400952,2.53925026004,0,487.96598271,4.26410439082,225.570851673,1.83119378021
2014-09-23 10:00:00,0.882647254852,0.272239366616,14.596966264,2.28342007442,2.03775810622,439.180525026,2.96743654112,89.513427558,1.49785175439
2014-09-23 12:00:00,0,0.716424569983,22.1918602531,0,0,442.645747868,3.52018248793,131.095113037,2.47312985646
2014-09-23 14:00:00,0.893183696106,0.594168869609,22.6433115435,0,0.236728275789,483.401171089,4.48495212627,45.9095297359,2.17202094163
2014-09-23 16:00:00,0,0.521595991148,11.4388053962,0.561563739208,1.69288588567,426.183906975,3.89106313846,149.414781774,3.22397713023
2014-09-23 18:00:00,0,0.309099791004,17.9161767693,0,0.0322851875847,429.505826681,3.38085994855,154.456819687,1.98682186243
2014-09-23 20:00:00,0,0.324180868097,15.586710443,2.62641105671,0,494.915733687,4.91737809887,126.097415303,3.4291562626
2014-09-23 22:00:00,0,0.675076050463,9.65630696725,2.1286378933,1.68748834035,482.63997668,1.88143079986,118.496092003,3.80270474803
2014-12-29 00:00:00,0,0.334671818903,11.2180015806,0,0.589687012773,469.902527987,1.62564204538,100.860200789,1.86234867579
2014-12-29 02:00:00,0.160639586107,0.546843263546,11.1796803544,2.01680572681,1.0241378044,438.64320138,4.27882558424,174.643239498,4.35275120826
2014-12-29 04:00:00,0,0.637862510833,12.0499176511,0,0.59383610767,496.986901242,2.62551379585,42.851440451,4.36207741742
2014-12-29 06:00:00,0.158316350949,0.488407328206,15.8685600207,2.85019237513,0,432.195232794,4.23207260309,207.164492556,3.06676270505
2014-12-29 08:00:00,0.940493808121,0.493216723056,13.9276344272,2.11357827783,1.29591805983,446.017577333,4.81818190006,215.750823851,4.17071703167
2014-12-29 10:00:00,0.904540256233,0.314241575637,21.7953906549,1.07090477754,0,497.824669902,3.07753553159,107.585591276,3.8571227154
2014-12-29 12:00:00,0,0.609763972272,12.009542095,0,1.52711828411,418.397528502,2.82846010261,59.7488192657,3.2834679213
2014-12-29 14:00:00,0,0.515937054449,18.6424588886,0,1.86060246129,434.169057384,4.23179627708,148.210011993,3.44765548401
2014-12-29 16:00:00,0.60608845872,0.30611893035,21.5612802178,0,0.568855303103,490.711905691,3.57559245292,62.2479487457,2.32536872886
2014-12-29 18:00:00,0,0.494493689836,19.1142134331,0,0,431.635513791,2.53525663013,220.018714551,1.73433062016
2014-12-29 20:00:00,0.813878075207,0.512302745116,13.7951100664,1.92410319263,0,463.322801065,3.16697192153,135.3885945,2.65795691313
2014-12-29 22:00:00,0,0.321022289793,13.9443562562,2.60024875974,0,502.744851434,3.57844750825,85.9473503034,3.86109036972
2014-12-30 00:00:00,0,0.740978829247,15.9052655172,2.35715239336,1.36952334388,427.363613486,3.089820727,128.18655199,2.82592495912
2014-12-30 02:00:00,0.606150587699,0.532731036766,11.51689135,0,0.00802473416299,460.480148507,2.63597642785,127.323231009,2.52241469803
2014-12-30 04:00:00,0.313326298016,0.764906406307,13.8667437346,0.457368971356,0.767469083317,492.722010767,3.09350655588,49.4481339048,2.96292067689
2014-12-30 06:00:00,0.547377289568,0.430016887069,16.9063673698,2.37144418473,0,440.934306073,1.58327217516,130.757744119,3.13315978699
2014-12-30 08:00:00,0.90144724028,0.496387556527,16.8017522366,2.09742622066,0.495856012337,481.838769258,1.94170692387,224.604247764,2.06293548457
2014-12-30 10:00:00,0.529809535951,0.35243064027,9.87752258557,2.74460982554,2.1293052338,495.765729494,3.40579162949,95.5410027429,3.67666920426
2014-12-30 12:00:00,0.584166825101,0.535968041149,16.5684090152,1.17935023332,1.95621731058,448.843385864,5.11007152102,188.513739106,3.83312150997
2014-12-30 14:00:00,0.666439694337,0.749035715823,18.2323328873,1.66382362875,0.615132433068,434.595173159,2.58608243544,153.551539552,1.61959921543
2014-12-30 16:00:00,0,0.605352652581,15.2956818531,0.242844626279,0.4193286277,440.802885533,2.71567499708,46.0272376908,2.94861320684
2014-12-30 18:00:00,0,0.53227400978,18.7865845519,1.53330486215,0.474084642637,485.073273605,3.5195730377,205.947301872,1.68694193498
2014-12-30 20:00:00,0,0.468255474553,11.4859976667,2.72423541142,0.151177355962,444.843974971,2.03742242021,113.778667033,3.1068883685
2014-12-30 22:00:00,0,0.572862079531,9.58090856304,0.826448441103,0.405128126878,467.055196084,1.95066984239,51.6670873068,1.67709139397
2014-12-31 00:00:00,0,0.384598053289,15.111196127,1.74516522707,0,444.575441971,2.52327682974,128.217079528,1.47431061584
2014-12-31 02:00:00,0.567278091728,0.64030419502,18.5933727579,2.70316715863,1.53060831482,472.091893669,3.07302641085,73.3131478953,4.22766014
2014-12-31 04:00:00,0,0.580871116621,12.8358783229,2.54606907532,0,462.845981902,2.7903324748,95.2452569766,1.5471359006
2014-12-31 06:00:00,0.399019128519,0.352633791144,18.3289940526,0.0596950723349,2.12270400808,475.718576369,4.83387144207,99.0151745902,1.7911631436
2014-12-31 08:00:00,0,0.791255372364,16.5476272388,1.60911025242,1.64972186429,487.339470018,4.2486846889,113.231858427,2.35539811322
2014-12-31 10:00:00,0.468493042431,0.798427503047,20.9615696153,1.64197165314,0.366869069789,427.669238435,5.01288221711,111.59002041,3.91653843911
2014-12-31 12:00:00,0.78919122706,0.81650486144,22.2112132596,0,0.298125399124,501.682589046,2.60394479679,90.7652832506,2.08377228297
2014-12-31 14:00:00,0,0.321910355614,19.3036304104,2.83959919475,0.615428266439,431.408719484,3.63631127925,136.015025184,2.06590909595
2014-12-31 16:00:00,0,0.311151008172,16.2493246355,0.723253887896,0.605123457625,459.600209927,4.93643424617,82.1570919903,1.33022724465
2014-12-31 18:00:00,0.805048950784,0.512008242478,14.3444443609,0,0.146035609133,461.947319256,2.5469918823,229.523732443,2.40900666435
2014-12-31 20:00:00,0,0.485764457644,10.9324305727,0.572741927283,0,465.31461975,4.62508482916,79.9719534538,2.48676723349
2014-12-31 22:00:00,0,0.647898623952,8.45483896698,0.469147418142,1.27540857912,471.350508805,3.89661469477,226.614522349,1.99026193689
2015-01-01 00:00:00,0.382953950984,0.622257401609,15.3272306843,2.31973732699,0,443.524497535,4.80283881513,179.214715322,2.53995201429
2015-01-01 02:00:00,0.817245831314,0.348839141118,20.8566816201,0.646062940547,0,435.049467963,3.73834330444,177.988646714,2.23779075417
2015-01-01 04:00:00,0.0794185986692,0.394535964259,11.8853712897,0.148405233599,1.12456818504,479.066966123,2.05828362557,220.509575881,4.12862349676
2015-01-01 06:00:00,0.300350952553,0.775482735767,18.9971601341,1.11638954302,0,453.480091181,5.18870498431,87.4078707337,2.03885466675
2015-01-01 08:00:00,0.271260530906,0.296707616569,22.3328763392,1.64150931094,0.258748821242,466.398851554,2.23164060003,121.674793558,3.35290481768
2015-01-01 10:00:00,0,0.512650385844,10.856863082,0,0.873667599492,482.772651047,4.57793404929,100.920941251,1.70416691881
2015-01-01 12:00:00,0.895740476131,0.381162708008,18.7042149705,1.34439836363,0,495.947773029,1.76603975329,83.2689361004,3.03890646184
2015-01-01 14:00:00,0,0.546594775821,11.3110330004,0,0.328337150742,493.788893255,1.77744897733,149.014333275,4.13716184959
2015-01-01 16:00:00,0,0.273984137629,13.5541157803,1.34813125683,1.69175437747,460.145344289,2.61478579868,104.983082781,1.85714622423
2015-01-01 18:00:00,0,0.320050857935,22.217658407,0.706284203941,2.1903667599,445.631980798,3.84310137346,78.291097151,4.20615043518
2015-01-01 20:00:00,0,0.33659457394,10.2483205046,0,2.00049623791,463.14509022,1.73622427141,204.150906187,4.28233198294
2015-01-01 22:00:00,0,0.693903060471,9.07159862182,0.225112798288,0.000353991765639,440.836830401,1.72748214048,91.8055270607,2.46536484282
2015-02-27 00:00:00,0.243978463306,0.642130266295,17.8644739861,2.5068284361,0.767793259206,463.699255338,4.68689719217,219.882796907,3.61543094283
2015-02-27 02:00:00,0.611729269612,0.390680512347,19.0006780305,1.71772240034,1.5803533384,465.014291673,2.26781304962,51.1319039507,2.13132538694
2015-02-27 04:00:00,1.03974836643,0.311755476641,18.0010290083,2.69232641191,0.258503039252,452.297073443,3.66205150772,125.282016205,1.20271397371
2015-02-27 06:00:00,0,0.493274574535,10.1006168411,0,1.33699562089,482.208916467,3.76252372219,131.258314405,1.32421530544
2015-02-27 08:00:00,0.631351127615,0.606985337539,20.17651086,2.45014005488,0,424.374382278,4.67910921019,112.631588512,1.37904950525
2015-02-27 10:00:00,0.921308807626,0.663265882505,17.5504433129,1.21325206923,1.88800281584,490.03082364,2.05955357014,88.7242352806,3.59243832013
2015-02-27 12:00:00,0.0179303373693,0.525199111455,15.496249024,0.468421340187,0.112412621946,490.820964349,2.17420431182,89.0533506871,3.68991314455
2015-02-27 14:00:00,0,0.495051767138,17.635228767,1.70762699,0,464.885881911,3.59781321345,104.524074988,3.51536781232
2015-02-27 16:00:00,0,0.366527240245,20.5666536412,1.44543110614,1.26453497251,490.417563345,4.31802113687,143.843136395,1.92375187558
2015-02-27 18:00:00,0,0.771623290852,11.2302396165,1.93398476119,1.53494909462,436.636135404,4.0045673206,181.889487517,3.01380200805
2015-02-27 20:00:00,0.319970180798,0.408182227518,8.83064518643,2.01982161793,0.00551061084413,497.871064691,2.31726618202,103.344722703,4.05115590573
2015-02-27 22:00:00,0,0.572260258147,19.4422383562,0,0.789645059809,460.371721596,4.81309776309,172.460699395,3.38865301311
2015-02-28 00:00:00,0,0.637380328325,17.388608959,0,0,488.704268707,1.59925150626,221.18866712,1.43432308156
2015-02-28 02:00:00,0.768586190612,0.62227042484,19.5508364472,1.63742088448,0.962928024557,435.072030021,1.58180882994,104.36845067,1.44310149707
2015-02-28 04:00:00,0,0.783764936593,12.3701638571,2.74773621089,2.21118041535,437.996655132,4.42203957271,81.2994143155,4.00905431207
2015-02-28 06:00:00,0,0.666980148036,14.4628463623,2.87759162369,0,504.509376207,4.42457857774,132.489469036,3.30837875193
2015-02-28 08:00:00,0.0144736324266,0.434560315773,8.86842962673,0,1.19720377157,478.27689483,1.72714081204,53.6937622205,2.2200367861
2015-02-28 10:00:00,0,0.517383267083,19.1219054065,2.02738011387,1.42127211918,466.313488353,4.32185842234,198.135291644,1.28827301651
2015-02-28 12:00:00,0.107611275274,0.332533268721,12.3249045548,0.0334602695826,1.68181815456,488.644841282,1.63940446523,224.744748517,2.02272334094
2015-02-28 14:00:00,0.641336644106,0.322629087934,16.4569209729,0,0.740918942695,502.329853973,5.17230997584,228.374031735,1.64120978657
2015-02-28 16:00:00,0.609302133324,0.824699918486,19.0668607938,2.1624491666,0.966434425123,476.825176103,4.66317662225,179.530233719,1.54986918017
2015-02-28 18:00:00,0.0158552445388,0.579901051513,12.2710586933,0.348364432408,0,445.078050231,3.04778129421,114.132654555,3.04310110203
2015-02-28 20:00:00,0.960119343469,0.587436825564,16.4286706434,0.479223655777,1.42736453934,472.716197401,4.72580076692,48.3065354069,1.78350164113
2015-02-28 22:00:00,0.146105163723,0.618918323431,9.96217705847,0,1.14184428302,457.2206696,2.98855741929,169.151617381,1.68628583475
2015-03-01 00:00:00,0,0.669472822829,19.9002844847,0.231261508887,1.70397985281,446.464570625,1.8759905241,228.387558018,1.29704240275
2015-03-01 02:00:00,0,0.42395283938,14.8962864495,2.53828200184,1.45162912173,459.685632615,2.28789888668,217.309108057,1.99157009928
2015-03-01 04:00:00,0.37378555987,0.51063805323,21.6142480671,2.32178783948,0,496.149685005,3.97165805595,196.107117683,2.88812643385
2015-03-01 06:00:00,0,0.317609108183,11.4434791651,2.74113324243,1.57396044452,492.853516364,1.65567295945,154.753655353,1.2169973989
2015-03-01 08:00:00,0.339591938446,0.730157445876,12.8525187267,1.30700190874,0,416.253126442,5.0628947138,171.843059079,1.61589709316
2015-03-01 10:00:00,0.623097658143,0.827570433741,15.7368902184,1.4287200866,0.433498463859,490.006803851,2.16673850277,179.993905848,2.0033762197
2015-03-01 12:00:00,0.874750128431,0.69046224721,17.6697568677,2.46377138185,2.04925684923,482.749254189,3.76696815347,40.8852351627,4.33318837341
2015-03-01 14:00:00,0,0.492271304516,10.5253483741,0.261835850886,0.610265550978,489.259779518,2.11430673494,146.708119614,3.15166419386
2015-03-01 16:00:00,0.590058054253,0.579014019611,16.9956430676,1.52103679868,0,433.596471284,5.00355643395,198.732696156,1.6539903888
2015-03-01 18:00:00,0.669125665637,0.784877073788,20.6659993953,1.45105989508,1.36465506267,463.410347794,3.26109236133,81.1561659998,1.3671658384
2015-03-01 20:00:00,0,0.723390292189,10.9461063074,2.69295968588,0.0321967099664,456.572558784,5.17513174782,150.46441694,2.64527669836
2015-03-01 22:00:00,0.117617929877,0.495423664529,11.4340318091,0,1.12511406669,464.851998031,3.56637594157,52.9050299792,3.24928151981
2015-03-02 00:00:00,0,0.815608863654,15.3645504006,0,0.70588038591,502.337325825,3.51818773458,115.112176322,1.5435054793
2015-03-02 02:00:00,0,0.656992205635,17.2773497452,0,0.403307670688,503.689809767,4.75679719804,47.928469582,3.89035829743
2015-03-02 04:00:00,1.01229774857,0.651451528763,8.93686833482,0,1.75829338578,422.818476772,1.71113163018,61.4327288267,2.93453017315
2015-03-02 06:00:00,0.622170123719,0.363088880327,18.1298373918,0,1.28279587363,415.41052501,4.45061636332,178.611260494,4.10879902198
2015-03-02 08:00:00,0,0.551423901669,20.3613082579,0,0.0612550142892,460.017700165,1.59375265972,67.6115899061,2.58246171178
2015-03-02 10:00:00,0.586048111089,0.665565142908,9.70494364914,2.05913911606,0,424.809208448,4.07435723887,168.991168877,3.87153445167
2015-03-02 12:00:00,0.687858024808,0.65460435891,21.4893832602,0,0.903064005201,431.297823724,5.13092810262,141.126737529,2.67191919808
2015-03-02 14:00:00,0,0.559240466954,9.82843016892,1.12368718927,0,409.499764723,5.09674249672,108.808596833,1.55636354702
2015-03-02 16:00:00,0,0.668151525062,10.6087050956,2.21714517584,0,481.466164558,2.89183347022,230.496315242,2.76681454977
2015-03-02 18:00:00,0.179978015902,0.820571650812,17.1959470903,0.0695927472212,1.63762127581,421.838016799,2.74401791465,225.441829446,1.61761543474
2015-03-02 20:00:00,0,0.633697233287,22.6387790399,2.43240022243,0,414.763360548,4.43422525828,76.8043581047,4.3985983493
2015-03-02 22:00:00,0,0.336836378053,18.0563005683,0.026824142979,0.794294481923,504.479529224,2.60986082667,43.3898179004,2.87343735078
2015-08-26 00:00:00,0.66041019759,0.562758868842,14.7666211395,0,2.21802098635,504.444670315,2.29040535434,213.683709115,2.13834339955
2015-08-26 02:00:00,0.824982541366,0.762645958089,14.7488427757,1.53989027725,1.82147506128,425.072338696,2.69805846981,42.7463546156,1.9690840222
2015-08-26 04:00:00,0.866409992844,0.797526326482,18.5080891918,2.21504378062,1.48250573438,466.614784811,4.03122226862,72.9144724365,2.62677336322
2015-08-26 06:00:00,0.535081439036,0.493805385497,16.6312380312,2.61639346833,0,419.668329893,3.60434327528,223.58698557,2.97492275498
2015-08-26 08:00:00,0,0.760305025972,9.41935641672,0.714059050679,1.61903379464,468.300832621,1.96322037397,134.240673534,1.44267072407
2015-08-26 10:00:00,0,0.606309892971,21.0510426467,0,1.58395072237,416.361618095,4.66182314718,78.2310170443,4.41403428999
2015-08-26 12:00:00,0.107069189894,0.732217114599,22.4880994368,2.14478219103,0,487.487548059,2.3278333597,214.448675741,1.80880213183
2015-08-26 14:00:00,0.896327455889,0.537612883607,21.2319538276,0,1.18340874639,429.509639576,4.25261225704,59.3734133679,4.24326225341
2015-08-26 16:00:00,0.0224170072906,0.621350552415,20.9421635107,1.25583679696,0.15298254023,419.289017688,5.21203336921,166.591448085,1.94907383574
2015-08-26 18:00:00,0,0.644291065989,19.2231879624,0,2.04355974166,486.386478534,1.91746347898,143.05088352,2.07980994238
2015-08-26 20:00:00,0.615927857921,0.79399770838,10.322784904,2.20881476139,0.188977293063,455.728428199,1.79863175954,40.5701928309,1.25173620817
2015-08-26 22:00:00,0.805510066846,0.475510558993,14.1400462103,1.85107848547,0,443.674010292,5.07450098402,177.727112311,3.51762580664
2015-08-27 00:00:00,0.517459230141,0.734688640787,15.6024460251,0,0,471.060094994,4.96172701548,72.3143256523,1.64249404739
2015-08-27 02:00:00,1.01596804178,0.379965907969,11.0234262506,2.79223285435,2.0302694877,462.494877201,3.86363193446,123.160461359,1.80780571863
2015-08-27 04:00:00,0.477133223631,0.817430619642,15.5909604387,0,0,472.02504563,2.46850013046,41.4606066948,2.41523400396
2015-08-27 06:00:00,0,0.734575359839,19.3063290232,1.13041667224,0,453.320401796,2.99641146027,87.5553811818,2.77267370739
2015-08-27 08:00:00,0.870366602113,0.540130844258,20.6141381611,0,1.98240832621,480.658966116,3.54827602555,224.429805673,4.0379826976
2015-08-27 10:00:00,0.981871616268,0.62035092864,13.7022284652,1.7823724598,0.687780436682,411.646549316,3.11081445266,78.0932100161,4.2618919541
2015-08-27 12:00:00,0.591599641262,0.329255233188,19.0172963157,1.73712011668,1.03066388348,414.236835819,3.7561583205,41.9682110017,2.34374704862
2015-08-27 14:00:00,0.661346685061,0.832172193797,21.648315427,0,1.34897320828,411.691460085,3.69598334607,108.034371546,4.42909442294
2015-08-27 16:00:00,0.982865932629,0.416222058176,18.0537527414,2.45146774119,0,436.007141389,3.95266583079,221.034422049,2.96005722593
2015-08-27 18:00:00,0.356114740462,0.522811699141,19.0869335052,0,1.03343282631,490.839246871,3.73247145734,145.270923366,3.12387692713
2015-08-27 20:00:00,0.499263324766,0.354173810327,21.6752870613,2.30631826029,1.05234288328,458.668226352,2.47607436754,224.853004504,2.86460027319
2015-08-27 22:00:00,0,0.41328265538,10.6860573521,2.53883739424,0,424.322350203,3.649745845,45.3167073078,1.28343114398
2015-08-28 00:00:00,0.775505532179,0.493273648828,8.51277742226,2.25119161845,1.94731129959,416.509972345,2.37283218328,63.224609702,1.30803493329
2015-08-28 02:00:00,0.561569196768,0.725001988547,20.344915745,0.0639139589115,0,429.660778121,1.95381650394,191.206373923,4.21316573348
2015-08-28 04:00:00,0,0.67049650769,15.9325962042,0.620868282328,0,457.933676051,4.54741710278,151.853780573,2.20482506433
2015-08-28 06:00:00,0.331723096567,0.620718773644,21.9606700999,1.60128309475,0,445.614986657,5.04207445255,164.515644827,2.7682526681
2015-08-28 08:00:00,0.234293792018,0.798596697675,21.0487142543,1.36971384984,0,488.057200614,3.50021263048,39.7607308234,3.47816870494
2015-08-28 10:00:00,0,0.320411215924,10.880873086,1.29344149259,1.16258315154,425.696065339,2.59555588607,102.664021212,4.46448600274
2015-08-28 12:00:00,0,0.44570345006,9.65810517505,2.31071605665,0.95167369472,465.827944088,3.4650855383,124.96576468,1.45215804838
2015-08-28 14:00:00,0,0.431679246976,21.3869747656,0.937432089684,0,466.391896568,4.91996240242,133.243391215,3.6411897358
2015-08-28 16:00:00,0.606143033771,0.376575484778,21.3296223153,1.31546147787,0,468.429332227,1.98972096539,80.2468418525,2.3135284973
2015-08-28 18:00:00,0,0.358951479602,20.315477816,1.92498293318,0,479.267064825,2.33048196947,200.878880123,2.77938163685
2015-08-28 20:00:00,0,0.276108492174,14.5623824112,0,0,441.92631524,2.14849505347,103.235860178,3.46238844557
2015-08-28 22:00:00,0.827231247789,0.284163866267,14.6114827966,2.04212259916,0.945174038496,431.59795739,2.9416846208,103.243916299,2.07801477333
2015-08-29 00:00:00,0,0.486395031057,21.3136183817,1.96330402676,0.0619922029863,465.524343428,2.71993402976,41.5317882259,2.54628225945
2015-08-29 02:00:00,0,0.568917007501,16.9013943713,0.717811246226,0,498.555494195,3.18712213098,120.871073751,2.19793501914
2015-08-29 04:00:00,0,0.766237942488,21.6522708363,0,0,457.131210082,2.70910062251,66.8008472845,1.26063597576
2015-08-29 06:00:00,0.71108255244,0.297295263419,12.0712287696,2.35907006822,0,494.636322896,4.54454990379,176.489293604,3.3634094077
2015-08-29 08:00:00,0.00904283724377,0.486473625185,22.1177912406,0,2.0250535022,410.268314597,3.13800847683,131.72782014,4.0701253949
2015-08-29 10:00:00,0,0.545061887925,12.6794058887,0.784705442879,0.946872490789,500.276601582,2.28259251964,100.722855804,1.21238338912
2015-08-29 12:00:00,0.135583974654,0.679893128939,8.94795429546,0,0.575806663621,489.391052711,3.0769593157,49.0435073684,2.70026324197
2015-08-29 14:00:00,0.621394412305,0.772565594604,13.2267372634,1.72925054377,0.908365785306,441.538905449,4.43936295676,210.893459344,2.6266284095
2015-08-29 16:00:00,0.30794190467,0.354250710979,20.6556838661,0.450057377708,0,469.623068408,3.7634850232,85.2499770461,2.63165456414
2015-08-29 18:00:00,0.916247633545,0.446111499731,19.6330292631,0,0.833406940693,462.420055536,4.52768671648,63.6031354324,3.20786327921
2015-08-29 20:00:00,0,0.664480227513,16.02439468,1.88056800734,1.29793640234,418.772951484,3.02807652509,101.311496591,1.57274542249
2015-08-29 22:00:00,0,0.645349189816,8.68162942114,0.831982987809,0,451.588925422,2.13247145375,81.4758203026,3.20892790827
2015-10-25 00:00:00,0,0.566481547679,14.9761015992,0.634016338389,1.71173976589,468.285203842,4.88551326151,135.926392221,1.55748466824
2015-10-25 02:00:00,0,0.734917963303,11.5635290706,2.54714874806,0.463931733743,413.624411353,2.25205043223,129.598596373,2.58977549189
2015-10-25 04:00:00,0,0.817440685686,12.9100180103,1.93081886897,0,491.797243809,2.96114028397,225.883180146,4.34734020808
2015-10-25 06:00:00,0,0.800282823786,20.6762022876,0.0859194156994,1.65978317355,448.037730938,4.08775746474,192.247396426,1.83711979677
2015-10-25 08:00:00,1.00584121669,0.586932834625,13.1368446636,2.88485444819,1.28738895013,483.435721363,2.43961785806,148.067194475,1.20390128381
2015-10-25 10:00:00,0,0.545679623729,15.6967959842,1.3350311047,2.04446368609,456.832177449,3.2254618117,64.7807386364,3.65492366762
2015-10-25 12:00:00,0,0.36475856649,20.589060295,1.50237845166,0,449.203217719,5.20511624665,116.198216459,2.97470081321
2015-10-25 14:00:00,0,0.390018699657,8.99291831855,0.459647183931,1.00028160804,464.824740767,3.97276640882,120.076929724,4.45188017649
2015-10-25 16:00:00,0.41071859708,0.524793787016,9.74211557645,0,0,417.070403143,2.04020155862,128.44545242,3.77631717075
2015-10-25 18:00:00,0,0.491064971517,9.61251644892,1.66283643517,0.530919629729,453.939242291,3.8969402741,180.95990684,4.33311479281
2015-10-25 20:00:00,0.905915314402,0.418417014644,11.240434681,1.42570085939,0.973311958264,416.863636579,4.70722686076,40.2263963939,3.16152532233
2015-10-25 22:00:00,0.787724667136,0.322071650941,21.0362570067,0.76411355627,1.75369876521,414.001475997,1.62229215441,203.192652011,2.7157022533
2015-10-26 00:00:00,0.430501730375,0.430180684619,12.0353668089,0.773043369088,0.768506331146,478.608864774,3.21980434036,94.1471529228,3.45868854794
2015-10-26 02:00:00,0.429195527314,0.429890606162,16.3237646306,0,0,481.281800964,1.58583797712,199.105820509,3.99760328044
2015-10-26 04:00:00,0,0.705782200275,21.9142337434,8.93668301231e-05,0.478005359559,430.754143897,3.72747552641,211.895500945,2.85756237189
2015-10-26 06:00:00,0.914775079942,0.533319970603,12.4389930221,0.985699734708,0,425.461426366,3.71431879455,120.80748006,2.25381217457
2015-10-26 08:00:00,0.986904605891,0.294135738405,19.2466138071,2.81659258296,1.11880473827,421.356627605,4.15010261325,193.338515386,4.37811885108
2015-10-26 10:00:00,1.03457296915,0.393780665086,19.4468992157,0.305710615223,0,415.328315709,2.7279217071,45.7550618417,2.60747943992
2015-10-26 12:00:00,0.758807051694,0.678198499978,14.2222901958,0.892596600465,1.49584584969,439.706782406,4.83791446524,104.027803864,2.26342148997
2015-10-26 14:00:00,0,0.355197687975,15.4990350618,1.88276677212,0,497.415057306,2.42052510801,78.7997873719,2.45274835845
2015-10-26 16:00:00,0,0.592595419473,19.1096086025,1.96057754424,2.1350768046,414.027242258,1.6545532336,214.691886948,1.81268932996
2015-10-26 18:00:00,0.635628931549,0.749456425096,11.6830059465,0,2.22532769052,460.781401399,5.18320951651,100.4109876,2.50685260938
2015-10-26 20:00:00,0.670322148548,0.509735927351,15.2096295176,1.19683023181,0.150427704302,426.74583015,1.99610006397,164.917180815,1.72428242028
2015-10-26 22:00:00,0,0.513633899987,15.2927201545,0.765658165527,0.99451395325,435.352476825,4.17245005043,134.976472729,1.99086779306
2015-10-27 00:00:00,0,0.600547825066,17.5641681619,0.00516644866685,2.02366064746,441.867464221,3.03507169484,68.469537829,4.43919303297
2015-10-27 02:00:00,0.811382815133,0.526169988599,22.1561077297,2.12555791593,0.833462394477,483.822023976,3.2991193219,167.047104326,4.16278108742
2015-10-27 04:00:00,0.245310913621,0.821671924203,10.3957251989,2.5665186412,1.15684697273,441.369299462,2.42769382257,145.971515118,2.71521717975
2015-10-27 06:00:00,0.750644050721,0.742967399756,12.6661817671,0.0704951144161,1.40457207816,424.814415038,1.94701343457,173.494843617,2.682824637
2015-10-27 08:00:00,0,0.564809266796,19.1867887874,2.15348247076,1.66212330875,436.258108007,4.24472450431,216.923675718,1.57776955919
2015-10-27 10:00:00,0.772213814815,0.804269251489,22.1795634322,1.92899600993,1.66973537505,468.119082775,4.9632334939,214.345423044,3.19773124107
2015-10-27 12:00:00,0,0.457114166926,18.0414250861,0,0,501.802729297,4.0173874003,169.861942364,1.43442475164
2015-10-27 14:00:00,0.149586668203,0.508010162131,9.82583478469,0.111177536957,1.06799940049,469.510901921,4.81197269989,80.4034204837,1.92760560747
2015-10-27 16:00:00,0.342722809946,0.544147969698,8.479341835,0.909300860171,1.71445091877,425.068321125,2.83583554294,40.4539777819,4.20262766002
2015-10-27 18:00:00,0.00808576300842,0.574365739391,14.902397543,1.48514824729,0,499.832076855,4.92429994406,121.492477824,4.41657880869
2015-10-27 20:00:00,0,0.34999013254,11.4459988024,1.834712302,1.75881845749,502.350703575,2.18638219616,107.618755329,3.12981469841
2015-10-27 22:00:00,0,0.326368886997,16.9246615282,2.14034152369,0.289610869029,424.25398094,1.58192722099,146.437681993,3.97556824198
2015-10-28 00:00:00,0.531671341694,0.54348830749,13.3317055275,0,2.20945070841,448.631389366,5.15736744224,110.745980723,2.5213142907
2015-10-28 02:00:00,0,0.824794508127,9.81224014524,2.61024912095,0,496.353299041,1.76406575745,125.25581937,2.39849198364
2015-10-28 04:00:00,0.317506765753,0.725274220022,21.7477523959,2.52522099246,1.80608620068,488.017638643,2.7832798751,183.611456682,3.37005987216
2015-10-28 06:00:00,0.339529258713,0.736241940497,14.7623235407,2.32369928886,0.0388650500009,482.926309483,3.93533633798,172.202111152,1.43205543005
2015-10-28 08:00:00,0.730983195086,0.395456053107,9.87733861021,1.4146671486,2.21889782361,426.676510625,4.61183517842,52.3598206361,2.08819996853
2015-10-28 10:00:00,0,0.825388118716,22.5442174004,0.900440981619,0,444.574478202,3.30123830919,100.315683509,3.23955044037
2015-10-28 12:00:00,0.690017475525,0.557741419293,20.6726299771,0.353803037615,1.35276387682,423.82432758,4.36016727528,185.431735999,3.23654282228
2015-10-28 14:00:00,0.504882952376,0.719133381332,19.7097179106,2.36038680565,0.756230806716,478.320915615,3.40971768468,78.8618374595,2.86056008902
2015-10-28 16:00:00,0,0.47612911167,20.2185708745,2.52926893026,0.257691523535,449.324117983,1.86577705863,200.45736034,1.91947193423
2015-10-28 18:00:00,0.0481863282567,0.597646540562,14.6557700005,0.878381170315,0.618674589068,480.540832765,2.92964034721,222.772076164,2.95054897616
2015-10-28 20:00:00,1.00046922982,0.573223480596,9.1340215301,0.594137652821,0.709217964104,454.356224516,2.37619268452,41.4215891961,2.67619409306
2015-10-28 22:00:00,0.269494329636,0.582765175622,21.6618986009,1.02793691369,1.25032734281,466.550131724,2.50376747391,151.861167191,4.03205918559
