0.0
0.0
0.0
0.0
0.0
0.0
0.0
0.0
0.0
0.0696767001117
0.0975473801562
0.0
0.0
0.0
0.0
0.0
0.0
0.0
0.0
0.0
0.0
0.0
0.0
0.0
0.0
0.0
0.0
0.0
0.0
0.0
0.0
0.0
0.0
0.0
0.0
0.0
0.0
0.0
0.0
0.0
0.0
0.0
0.0
2.36900780379
0.0139353400223
0.0348383500558
0.00696767001117
0.00696767001117
0.989409141583
3.03790412486
3.16332218506
2.06939799331
1.06605351171
0.0
0.0
0.00696767001117
0.0
0.0
0.0
0.0
0.0
0.0
0.0
0.0
0.0
0.0
0.0
0.0
0.00696767001117
0.0
0.0
0.0
0.0
0.0
0.0
0.0
0.0
0.0
0.0
0.0
0.0
0.0
0.0
0.0
0.0
0.0
0.0
0.0
0.0
0.0
0.0
0.0
0.0
0.0
0.0
0.0
0.0
0.0
0.0
0.0
0.0
0.0
0.0
0.0
0.0
0.0
0.0139353400223
0.0
0.0
1.10785953177
0.0487736900781
1.05908584169
0.0
0.0
0.0
0.0
0.0
0.0
0.0
0.0
0.0
0.0
0.0
0.0
0.0
0.0
0.0
0.0
0.0
0.0
0.0
0.0
0.0
0.0
0.0
0.0
0.0
0.0
0.0
0.0
0.0
0.0
0.0
0.0
0.0
0.0
0.0
0.0
0.0
0.0
0.0
0.0
0.0
0.0
0.0
0.0
0.0
0.0
0.0
0.0
0.0
0.0
0.0
0.0
0.0
0.0
0.0
0.0
0.0
0.0
0.0
0.0
0.0
0.0
0.0
0.0
0.0
0.0
0.0
0.0
0.0
0.0
0.0
0.0
0.0
0.0
0.0
0.0
0.0
0.0
0.0
0.0
0.0
0.0
0.0
0.0
0.0
0.0
0.0
0.0
0.0
0.0
0.0
0.0
0.0
0.0
0.0
3.76950947603
3.12848383501
0.00696767001117
0.0
0.250836120401
0.0
0.0
0.0
0.0
1.46321070234
6.18032329989
7.3090858417
5.47658862876
6.52870680045
4.1248606466
8.13823857302
5.65774804905
4.71711259755
0.982441471572
0.0
0.0
0.0
0.0
0.0
0.0
0.0
0.0
0.0
0.0
0.0
0.0
0.0
0.0
0.0
0.0
0.0
0.0
0.0
0.0
0.0
0.0
0.0
0.0
0.0
0.0
0.0
0.0
0.0
0.0
0.0
0.0
0.0
0.0
0.0
0.0
0.0
0.0
0.0
0.0
0.0
0.0
0.0
0.0
0.0
0.0
0.0
0.0
0.0
0.0
0.0
0.0
0.0
0.0
0.0
0.0
0.0
0.0
0.0
0.0
0.0
0.0
0.0
1.65133779264
3.63015607581
3.21209587514
11.4269788183
22.7076365663
11.231884058
10.019509476
9.33667781493
7.47630992196
8.54236343367
5.34420289855
12.3188405797
13.0922519509
18.4921962096
1.11482720178
0.0
0.0
0.0
0.0
0.0
0.0
0.0
0.0
0.0
0.0
0.0
0.0
0.0
0.0
0.0
0.111482720178
0.00696767001117
0.0
0.0
0.0
4.10395763657
16.0465440357
11.8241360089
10.4236343367
6.35451505016
5.67865105909
5.52536231884
2.65468227425
4.375696767
0.0209030100335
0.0
0.0
0.0
0.0
0.0
0.0
0.0
0.0
0.0
0.0
0.0
0.0
0.0
0.0
0.0
0.0
0.0
0.0
0.0
0.0
0.0
0.0
0.0
0.0
0.0
0.0
0.0
0.0
0.0
0.0
0.0
0.0
0.0
0.0
0.0
0.0
0.0
0.0
0.0
0.0
0.0
0.0
0.0
0.0
0.0
0.0
0.0
0.0
0.0
0.0
0.0
0.0
0.0
0.0
0.0
0.0
0.0
0.0
0.0
0.0
0.0
0.0
0.0
0.0
0.0
0.0
0.0
0.0
0.0
0.0
0.0
0.0
0.0
0.0
0.0
0.0
0.0
0.0
0.0
0.0
0.0
0.0
0.0
0.0
0.0
0.0
0.0
0.0
0.0
0.0
0.0
0.0
0.0
0.0
0.0
0.0
0.0209030100335
0.794314381271
1.33082497213
0.0
0.271739130435
0.0975473801562
0.0
0.0
0.0
0.0
0.0
0.0
0.0
0.0
0.0
0.0
0.0
0.0
0.0
0.0
0.0
0.0
0.0
0.0
0.0
0.0
0.0
0.0
0.0
0.0
0.0
0.0
0.0
0.0
0.0
0.0
0.0
0.0
0.0
0.0209030100335
6.45206243032
7.83166109253
5.97129319955
9.02313266444
10.618729097
6.77257525084
2.54319955407
0.912764771462
0.0
0.0
0.466833890748
0.341415830546
0.0
0.0
0.36231884058
0.613154960982
0.0
0.0
0.0
0.0
0.0
0.0
0.0
0.0
0.0
0.0
0.0
0.0
0.0
0.0
0.0
0.0
0.0
0.29960981048
0.613154960981
0.836120401338
1.29598662207
2.01365663322
2.45261984393
3.74163879599
4.49414715719
8.13127090301
4.87040133779
7.70624303233
5.19091415831
8.96739130435
4.54292084727
7.23244147157
4.01337792642
6.25
8.17307692308
7.80379041249
6.69593088072
14.5693979933
12.5557413601
12.0401337793
6.68199554069
9.07887402453
6.49386845039
10.4863433668
6.64715719064
6.48690078038
6.22909698996
13.8168896321
16.283444816
14.8968784838
14.6042363434
15.5030657748
18.5409698997
12.3954849498
16.5760869565
14.395206243
13.4267001115
8.75836120401
11.6360089186
15.2801003344
8.37513935341
8.89771460424
6.6262541806
6.66589782033
1.247212932
1.01379598662
0.846571906355
0.589084828216
1.71404682274
0.0975473801562
0.0
0.0
0.0
0.0
0.0
0.0
0.0348383500557
0.390189520624
1.40746934225
0.557413600892
0.0
0.0
0.843088071349
0.139353400224
4.44537346711
4.93311036789
4.86343366778
2.00668896321
0.278706800446
1.91610925306
7.22547380156
12.8414158305
10.0752508361
16.3670568562
0.0
0.0
0.0
0.0
0.0
0.0
0.0
0.0
0.0
7.63656633222
7.56688963211
4.96794871795
0.0
0.0
0.0
0.0
0.0
0.0
6.39632107023
6.22212931996
5.41387959866
4.61259754738
9.14855072464
9.79654403568
13.6566332218
9.6850613155
5.05852842809
6.67502787068
13.0156075808
15.3288740245
41.3391861761
19.0844481605
6.11761426979
3.40719063545
0.0209030100335
0.508639910814
4.84253065775
7.22547380156
10.3818283166
5.90858416945
3.40022296544
0.0304043782305
0.00696767001117
0.0
0.146321070234
0.264771460424
0.29960981048
0.132385730212
0.00696767001117
0.0
0.682831661093
0.773411371238
0.647993311037
0.00696767001117
0.00696767001117
1.76282051282
4.31298773691
9.45512820513
13.5103121516
10.7720178372
16.5621516165
14.7993311037
17.1404682274
10.2215719064
8.32636566332
5.60200668896
2.48745819398
2.23662207358
9.8731884058
22.9096989967
22.2408026756
13.2803790412
8.13127090301
17.9138795987
17.6421404682
11.1900780379
4.47324414716
0.0557413600893
0.0139353400223
4.36872909699
6.51477146043
8.2497212932
10.005574136
8.80016722408
8.49358974359
6.5008361204
8.46571906354
11.7753623188
9.28093645485
2.96125975474
0.0
0.090579710145
0.0139353400223
5.44175027871
1.05908584169
0.0
0.0139353400223
12.5418060201
3.51170568562
0.0348383500557
0.0
0.0
0.0
0.0
0.0
0.0
0.0
0.0
0.0
0.0
0.0
0.0
0.0
0.0
0.0
0.0
0.0
0.0
0.0
0.0
0.0
0.0
0.0
0.0
0.0
0.0
0.0
0.0
0.0
0.0
0.0
0.0
3.64409141583
16.0813823857
19.5791527313
27.6407469342
16.6178929766
0.118450390189
0.0627090301004
0.0487736900781
0.48076923077
0.202062430323
1.90217391304
8.58416945373
8.94648829432
2.11817168339
0.0278706800446
0.0
0.0
0.0
0.0
0.0
0.0348383500557
4.35479375697
0.710702341137
0.0
0.0
0.0
0.0
0.0
0.0
0.0
0.0
0.0
0.222965440357
4.15273132665
6.54960981048
6.99554069119
5.07246376812
7.55295429209
18.5967112598
15.7887402453
8.26365663323
0.0139353400223
0.0
0.0
0.0
4.88433667782
8.40997770345
5.8737458194
6.16638795987
0.0
0.00696767001117
0.0
0.0
0.0
0.0
0.0
0.0
0.0
0.0
0.0
2.53623188406
9.75473801562
13.8726309922
15.621516165
9.65022296544
4.38266443701
4.99581939799
4.41750278707
12.1864548495
12.5348383501
15.3915830546
5.44175027871
1.85340022297
24.6237458194
26.0660535117
15.1268115942
23.4810479376
13.0016722408
9.35061315496
12.8832218506
13.5242474916
10.5490523969
8.31939799331
22.4358974359
13.4963768116
3.79738015608
5.73439241917
5.83193979933
3.79738015608
3.20512820513
1.9997212932
0.125418060201
0.215997770346
0.431995540692
3.05183946488
4.98885172798
5.4347826087
2.06939799331
0.0209030100335
0.0
0.0
0.048773690078
0.0
0.0
0.0
1.54682274247
2.70345596432
2.82887402453
0.0
0.0
0.0
0.0
0.0
0.0
0.00696767001117
0.0
0.0
0.0
0.0
0.0
0.0
0.0
0.0
0.0
0.0
0.0
0.0
0.0
0.0
0.0
0.0
0.0
0.0
0.0
0.0
0.0
0.0
0.0
0.0
0.0
0.0
0.0
0.0
0.0
0.0
0.0
0.0
0.0
0.0
0.0
0.0
0.0
0.0
0.0
0.0
0.0
2.82887402453
3.54654403568
0.926700111483
4.11789297659
2.27842809365
0.00696767001117
0.00696767001117
0.0627090301003
0.00696767001117
2.58500557414
3.19816053512
3.28874024526
1.19147157191
0.0
0.0
0.0
0.0
0.0
0.0
0.0
0.0
0.0
0.0
0.0
0.0
0.0
0.0
0.0
0.0
0.0
0.0
0.0
0.0
0.0
0.0
0.0
0.0
0.0
0.0
0.0
0.0
0.0
0.0
0.0
0.0
0.0
0.0
0.0
0.0
0.0
0.0
0.0
0.0
0.0696767001114
0.0
0.0
0.0
0.0
0.0
0.0
0.0
0.0
0.0
0.0
0.0
0.0766443701225
0.0
0.0
0.0
0.24386845039
0.0
4.66833890748
9.16248606466
7.97798216277
13.740245262
12.7438684504
9.23216276478
5.65774804905
0.0209030100335
0.404124860647
7.30908584169
14.3046265329
15.7957079153
13.3848940914
16.4715719064
24.358974359
25.3344481605
19.1819955407
1.76978818283
0.0
0.0
0.0
0.0209030100335
0.0
1.13573021182
9.23913043479
0.0
0.0
0.0
0.0
0.0
0.0
0.0
0.0
0.0
0.0
0.0
0.0
0.0
0.0
0.0
0.0
0.0278706800446
0.0
0.0
0.0
0.0
0.0
0.0
0.0
0.320512820513
1.56772575251
0.00696767001117
0.0
0.0
0.0
0.0
0.0
0.0
0.0
0.0
0.355351170569
0.919732441472
2.04849498328
4.6265328874
2.64771460424
0.341415830546
0.0
0.0
0.0
0.0
0.0
1.3099219621
2.71042363434
4.85646599777
6.90496098105
6.27090301003
4.09002229654
3.82525083612
0.236900780379
0.0
0.0418060200669
2.10423634337
2.94732441472
2.2505574136
2.78706800446
3.95763656633
5.27452619844
2.75919732442
2.71042363434
1.12876254181
0.0139353400223
0.0
0.0
0.0
0.0
0.0
0.0
0.0
0.0
0.0
0.0
0.0
0.0
0.0
0.0
0.0
0.0
0.0
0.0
0.0
0.0
0.0
0.0
0.0
0.0
0.0
0.0
0.0
0.0
0.0
0.0
0.0
0.0
0.0
0.0
0.0
0.0
0.0
0.0
0.0
0.0
0.0
0.0
0.0
0.0
0.0
0.0
0.0
0.0
0.0
0.0
0.0
0.0
0.0
0.0
0.0
0.0
0.0
0.0
0.0
0.0
0.0
0.0
0.0
0.0
0.0
0.0
0.0
0.0
0.0
0.0
0.0
0.0
0.125418060201
0.048773690078
0.00696767001117
0.00696767001117
0.0
0.0
0.0
0.0
0.0
0.125418060201
0.404124860647
0.0
0.0348383500558
0.0139353400223
0.0
0.0139353400223
0.0348383500558
0.578316610926
0.96850613155
1.42140468227
0.96850613155
0.0
0.0
0.00696767001117
0.00696767001117
0.0627090301003
0.0418060200669
0.0
0.0
0.0
0.0
0.0
0.0
0.0
0.0
0.00696767001117
7.32302118172
0.00696767001117
0.0557413600891
0.0
0.0
0.0
0.0
0.0
0.0
0.0
0.0
0.0
0.0
0.0
0.0
0.0
0.0
0.0
0.139353400223
0.111482720178
0.0
0.0
2.40384615385
9.60144927536
7.49024526198
1.63043478261
0.209030100335
1.63043478261
3.02396878484
3.42809364549
4.1248606466
12.48606466
10.5908584169
10.5420847269
12.4512263099
2.25752508361
0.209030100335
0.125418060201
1.28205128205
2.83584169454
5.14214046823
3.63015607581
3.8113154961
6.8143812709
8.67474916388
2.82887402453
0.0
0.0
0.0
0.0
0.0
0.0
0.0
0.0
0.0
0.0
0.0
0.0
0.0
0.0
0.0
0.0
0.0
0.0
0.0
0.0
0.0
0.0
0.0
0.0
0.0
0.0
0.0
0.0
0.0
0.0
0.0
0.0
0.18115942029
5.74136008918
3.76254180602
8.26365663322
11.5175585284
7.11399108138
0.153288740245
3.26783723523
3.40022296544
3.97853957637
6.69593088071
6.93979933111
8.03372352286
10.8835005574
9.11371237458
5.69258639911
1.58166109253
0.0
0.0
0.0
0.0
0.0209030100335
1.91610925307
10.9253065775
13.0713489409
6.77257525084
13.099219621
10.4584726867
0.104515050167
0.0
0.0
0.0
0.0
0.0
0.0
0.0
0.0
0.0
0.0
0.0
0.0
0.0
0.0
0.0
0.0
0.0
0.0
0.0
0.0
0.0
0.0
0.0
0.0
0.0
0.0
0.0
0.0
0.0
0.0
0.0
0.0
0.0
0.0
0.0
0.00696767001117
0.0
0.0
0.0
0.0
0.0
0.0
0.0
0.0
0.0
0.0
0.0
0.0
0.0
0.0
0.0
0.0
0.0
0.0
0.0
0.0
0.0
0.0
0.0
0.0
0.0
0.404124860647
0.0
0.0
0.0
0.0
0.0
0.0
0.0
0.0
0.0
0.0
0.0
0.0
0.0
0.0
0.0
0.0
0.0
0.0
0.0
0.0
0.0
0.0
0.0
0.0
0.0
0.0
0.0
0.0
0.0
0.0
0.0
0.0
0.0
0.0
0.0
0.0
0.0
0.0
0.0
0.0
0.0
0.0
0.0
0.0
0.0
0.0
0.0
0.0
0.0
0.550445930881
9.46906354514
17.2867892977
23.9757525084
12.4442586399
8.76532887402
10.625696767
15.9280936455
3.49080267559
0.0
0.0
0.0
0.0487736900783
3.01700111483
0.815217391304
0.0
7.36482720179
16.4437012263
0.104515050167
0.0
0.0
0.0
1.4353400223
12.4094202899
0.0696767001114
0.0
0.0348383500558
0.0
0.0
0.0
2.19481605351
7.46237458194
6.36148272018
0.188127090301
0.0
0.0
0.0
0.0
0.0627090301003
2.49442586399
2.82887402453
3.05183946488
4.54988851728
4.20150501672
2.61287625418
0.634057971015
0.0
0.0975473801563
0.0
4.54988851728
5.28846153846
3.9367335563
3.99247491639
6.68199554069
10.4027313266
12.47212932
5.44175027871
0.00696767001117
0.0
0.0
0.0
0.0
0.0
0.0
0.0
0.0
5.62987736901
0.0
0.0
0.0
0.0
0.0
0.0
0.0
0.0
0.0
0.0
0.0
0.0
0.0
0.0
0.0
0.0
0.0
0.0
0.0
0.0
0.0
0.0
0.0
0.0
0.0
0.0
0.0
0.0
0.0
0.0
0.0
0.0
0.0
0.0
0.0
0.0
0.0
0.0
0.0
0.0
0.0
0.0
0.0
0.0
0.0
0.0
0.0
0.0
0.0
0.0
0.0
0.0
0.0
0.0
0.0
0.0
0.0
0.0
0.0
0.0
0.0
0.0
0.0
0.0
0.0
0.0
0.0
0.0
0.0
0.0
0.0
0.0
0.0
0.0
0.0
0.0
0.0
0.0
0.0
0.0
0.0
0.0
0.0
0.0
0.0
0.0
0.0
0.0
0.0
0.0
0.0
0.0
0.0
0.0
0.0
0.0
0.0
0.0
0.0
0.0
0.0
0.0
0.0
0.0
0.0
0.0
0.0
0.0
0.0
0.0
0.0
0.0
0.0
0.0
0.0
0.0
0.0
0.0
0.0
0.0
0.0
0.0
0.0
0.0
0.0
0.0
0.0
0.0
0.0
0.0
0.0
0.0
0.0
0.0
0.0
0.0
0.0
0.0
0.0
0.0
0.0
0.0
0.0
0.0
0.0
0.0
0.0
0.0
0.0
0.0
0.0
0.0
0.0
0.0
0.0
0.0
0.0
0.0
0.0
0.0
0.0
0.0
0.0
0.0
0.0
0.0
0.0
0.0
0.0
0.0
0.0
0.0
0.0
0.0
0.0
0.0
0.0
0.0
0.0
0.0
0.0
0.0
0.0
0.0
0.0
0.0
0.0
0.0
0.0
0.0
0.0
0.0
0.0
0.0
0.0
0.0
0.0
0.0
0.0
0.0
0.0
0.0
0.0
0.0
0.0
0.0
0.0
0.0
0.0
0.0
0.0
0.0
0.0
0.0
0.0
0.0
0.0
0.0
0.0
0.0
0.0
0.0
0.0
0.0
0.0
0.0
0.0
0.0
0.0
0.0
0.0418060200671
0.0
0.0
0.0
0.0
0.0
0.0
0.0
0.0
0.0
0.0
0.0
0.0
0.0
0.0
0.0
0.0
2.00668896321
10.4375696767
12.0122630992
19.6070234114
13.754180602
1.01031215162
0.0
0.0
0.0
0.0
0.0
0.0
0.0139353400223
0.0
0.445930880714
0.836120401337
3.67196209588
4.42447045708
2.79403567447
0.271739130435
0.0
0.0
0.0
0.0
0.334448160535
0.202062430323
1.874303233
0.585284280936
0.215997770346
0.0
0.0
0.0
0.0
0.0
0.0
0.0
0.0
0.0139353400223
3.22603121516
4.19453734671
0.320512820513
0.0
0.00696767001117
0.0
0.0
0.0
0.0
0.0
0.139353400223
3.52564102564
4.95401337793
6.66806020067
5.96432552954
6.27787068005
1.41443701226
0.0487736900779
0.0
0.00696767001117
0.0
0.0
0.0
2.55016722408
23.8294314381
28.2887402453
26.0033444816
25.2508361204
20.018115942
13.740245262
1.80462653289
0.0
0.0
0.0139353400223
7.13489409142
12.8832218506
19.3352842809
13.7054069119
2.43171683389
0.00696767001117
0.00696767001117
0.0
0.752508361204
0.0
0.0
2.39687848384
6.41722408027
0.0209030100335
0.0
0.0
0.0
0.0
0.0
0.0
0.0
0.0
0.0
0.0
0.0
0.0
0.0
0.0
0.0
0.0
0.0
0.0
0.0
0.0
0.0
0.0
0.0
0.0
0.0
0.0
0.0
0.0
0.0
0.0
0.0
0.0
0.0
0.0
0.0
0.0
0.0
0.0
0.0
0.0
0.0
0.0
0.0
0.0
0.0
0.0
0.0
0.0
0.0
0.0
0.0
0.0
0.0
0.0
0.0
0.0
0.0
0.0
0.0
0.0
0.0
0.0
0.0
0.0
0.0
0.0
0.0
0.0
0.0
0.0
0.0
0.0
0.0
0.0
0.0
0.0
0.0
0.0
0.0
0.0
0.0
0.0
0.0
0.0
0.0
0.0
0.0
0.0
0.0
0.0
0.0
0.0
0.0
0.0
2.78010033445
10.5420847269
21.5649386845
21.7879041249
21.0284280936
17.5724637681
2.74526198439
0.0557413600892
0.529542920847
0.36231884058
0.0
3.11454849498
9.73383500557
16.255574136
0.0209030100335
0.0
0.0
0.0
0.0
0.0
0.0
0.0
0.0
0.0
0.0
0.0
8.69565217392
17.8790412486
8.5632664437
12.4512263099
8.4378483835
9.26003344481
1.77675585284
0.195094760312
5.39994425864
12.9807692308
13.106187291
13.4057971015
13.0225752508
19.2656075808
28.8531215162
30.4626532887
21.9690635452
17.3704013378
13.6426978818
12.9877369008
5.92948717949
10.4166666667
14.4509476031
11.9425863991
15.7608695652
9.05797101449
6.80044593088
17.5654960981
15.6702898551
7.92920847268
1.16360089186
0.0
0.00696767001117
1.55379041249
12.5905797101
14.4091415831
8.98829431438
27.2157190635
21.2792642141
26.888238573
25.02090301
13.2455406912
4.5011148272
0.0278706800446
0.0
1.78372352285
5.02369007804
7.23940914159
8.91861761427
7.72017837235
13.740245262
8.124303233
2.64074693422
0.0
0.0
0.0
0.0
0.0
0.0
0.0
0.0
0.0
0.0
0.0
0.0
0.0
0.0
0.0
0.0
0.0
4.65440356745
3.8113154961
0.0
1.41443701226
6.89102564103
2.59894091416
0.0
0.0
0.0
0.0
0.0
0.0
0.0
0.0
0.0
0.0
0.0
0.0
0.0
0.0
0.0
0.0
0.0
7.20457079153
3.92279821628
4.2502787068
4.91220735786
9.08584169454
13.7959866221
12.6184503902
1.08695652174
0.0
0.0
0.0
0.0
0.0
4.99581939799
7.36482720178
5.81800445931
10.9810479376
11.0716276477
6.11064659978
3.3096432553
0.42502787068
0.0
0.0
0.0
9.44816053513
22.9166666667
22.9096989967
3.39325529543
0.0
0.0
0.0
0.0
0.0
0.0
0.0
0.0
0.18115942029
0.0
0.0
0.0
0.0
0.0
0.0
0.0
0.0
0.0
0.0
0.0
0.0
0.0
0.0
0.0
0.0
0.0
0.0
0.0
0.0
0.0
0.0
0.0
0.0
0.0
0.0
0.0
0.0
0.0
0.0
0.0
0.0
0.0
0.0
0.0
0.0
0.0
0.0
0.0
0.0
0.0
0.0
0.0
0.0
0.0
0.0
0.0
0.0
0.0
0.0
0.0
0.0
0.0
0.0
0.0
0.0
0.0
0.0
0.0
0.0
0.0
0.0
0.0
0.0
0.0
0.0
0.0
0.0
0.0
0.0
0.0
0.250836120402
5.80406911929
8.86287625419
11.1552396879
11.6499442586
11.6847826087
11.5663322185
4.54292084727
0.0
0.0
0.0
4.07608695652
22.8330546265
19.6767001115
0.0
0.0
0.0
0.0
0.0
0.0
0.0
0.0
0.0
0.0
0.0
0.0
0.0
0.0
0.0
0.0
0.0
0.0
0.0
0.0
0.0
0.0
0.0
0.0
0.0
0.0
0.0
0.0
0.0
0.0
0.0
0.0
0.0
0.0
0.0
0.0
0.0
0.0
0.0
0.0
0.0
0.0
0.0
0.0
0.0
0.0
0.0
0.0
0.0
0.0
0.0
0.0
0.0
0.0
0.0
0.0
0.0
0.0
0.0
0.0
0.0
0.0
0.0
0.0
0.0
0.0
0.0
0.0
0.0
0.0
0.0
0.0
0.0
0.0
0.0
0.0
0.0
0.0
0.0
0.0
0.0
0.0
0.0
0.0
0.0
0.0
0.0
0.0
0.0
0.0
0.0
0.0
0.0
0.0
0.0
0.0
0.0
0.0
0.0
0.0
0.0
0.0
0.0
0.0
0.0
0.0
0.0
0.0
0.0
0.0
0.0
0.0
0.0
0.0
0.0
0.0
0.0
0.0
0.0
0.0
0.0
0.0
0.0
0.0
0.0
0.0
0.0
0.0
0.0
0.0
0.0
0.0
0.0
0.0
0.0
0.0
0.0
0.0
0.0
0.0
0.0
0.0
0.0
0.0
0.0
0.0
0.0
0.0
0.0
0.0
0.0
0.0
0.0
0.0
0.0
0.0
0.0
0.0
0.0
0.0
0.0
0.0
0.0
0.0
0.0
0.0
0.0
0.0
0.0
3.38628762542
3.83918617614
2.5641025641
0.585284280937
0.0
0.0
0.00696767001117
0.0
0.0
0.0
1.44927536232
0.515607580825
0.0
0.0
0.0
0.0
0.0
0.0
0.0
0.0
0.0
0.0
0.0
0.0
0.0
0.0
0.0
0.0
0.0
0.0
0.0
0.0
0.0
0.0
0.0
0.0
0.0
0.0
0.0
0.0
0.0
0.0
0.0
0.0
0.0
0.0
0.0
0.0
0.0
0.0
0.0
0.0
0.0
0.0
0.0
0.0
0.0
0.0
0.0
0.0
0.0
0.0
0.0
0.0
0.0
0.0
0.0
0.0
0.0
0.0
0.0
0.0
0.0
0.0
0.0
0.0
0.0
0.0
0.0
0.0
0.0
0.557413600892
11.2945930881
12.4233556299
14.6878483835
26.212374582
30.3372352285
12.6114827202
13.4406354515
11.5523968785
1.21237458194
0.0
0.0
4.39659977704
13.6287625418
34.5108695652
26.6722408027
2.77313266444
0.146321070234
0.0
0.0
0.0
0.0
0.0
0.0
0.0
0.0
0.0
0.0
0.0
0.0
0.0
0.0139353400223
0.0
0.0
0.0
0.0
0.0
0.0
0.0
0.0
0.0
0.0
0.0
0.0
0.0
0.0
0.0
0.0
0.0
0.0
0.0
0.0
0.0
0.0
0.0
0.0
0.0
0.0
0.0
0.0
0.0
0.0
0.0
0.0
0.0
0.0
0.0
0.0
0.0
0.0
0.0
0.0
0.0
0.0
0.0
0.0
0.0
0.0
0.0
0.0
0.0
0.0
0.0
0.0
0.0
0.0
0.0
0.0
0.0
0.0
0.0
0.0
0.0
0.0
0.0
0.0
0.0
0.0
0.0
0.0
0.0
0.0
0.0
0.0
0.0
0.0
0.0
0.0
0.0
0.0
0.0
0.0
0.0
0.0
0.0
0.0
0.0
0.0
0.0
0.0
0.0
0.0
0.0
0.0
0.0
0.0
0.0
0.0
0.0
0.0
0.0
0.0
0.0
0.0
0.0
0.0
0.0
0.0
0.0
0.0
0.0
0.0
0.0
0.0
0.0
0.0
0.0
0.0
0.0
0.0
0.0
0.0
0.00696767001117
0.0
0.0
0.0
0.0
0.0
0.0
0.0
0.0
0.0
0.0
0.0
0.0
0.0
0.0
0.00696767001117
0.0
0.0
0.0
0.0
0.0
0.0
0.0
0.0
0.0
0.0
0.0
0.0
0.0
0.0
0.0
0.0
0.0
0.0
0.0
0.0
0.0
0.0
0.0
0.0
0.0
0.0
0.0
0.0
0.0
0.0
0.0
0.0
0.0
0.0
0.0
0.0
0.0
0.0
0.0
0.0
0.0
0.0
0.0
0.0
0.0
0.0
0.0
0.0
0.0
0.0
0.0
0.0
0.0
0.0
0.0
0.0
0.0
0.0
0.0
0.0
0.0
0.0
0.0
0.0
0.0
0.0
0.0
0.0
0.0
0.0
0.0
0.0
0.0
0.0
0.0
0.0
0.0
0.0
0.0
0.0
0.0
0.0
0.0
0.0
0.0
0.0
0.0
0.0
0.0
0.0
0.0
0.0
0.0
0.0
0.0
0.0
0.0
0.0
0.0
0.0
0.0
0.0
0.0
0.0
0.0
0.0
0.0
0.0
0.0
0.0
0.0
0.0
0.0
0.0
0.0
0.0
0.0
0.0
0.0
0.0
0.0
0.0
0.0
0.0
0.0
0.0
0.0
0.0
0.0
0.0
0.0
0.0
0.0
0.0
0.0
0.0
0.0
0.0
0.0
0.0
0.0
0.0
0.0
0.0
0.0
0.0
0.0
0.0
0.0
0.0
0.0
0.0
0.0
0.0
0.0
0.0
0.0
0.0
0.0
0.0
0.0
0.0
0.0
0.0
0.0
0.0
0.0
0.0
0.0
0.0
0.0
0.0
0.0
9.90802675586
0.0766443701225
0.0
0.0
0.0
0.0
0.0
0.0
0.0
0.0
0.0
0.0
0.0
0.0
0.0
0.0
0.0
0.0
0.0
0.0
0.369286510591
0.0
0.0
0.0
0.0
0.0
0.0
0.0
0.0
0.0
0.0
0.0
0.0
0.0
0.0
0.0
0.0
0.0
0.0
0.0
0.0
0.0
0.0
0.0
0.0
0.0
0.0
0.0
0.0
0.0
0.0418060200671
0.0
0.0
0.0
0.0
0.0
0.0
0.0
0.0
0.0
0.0
0.0
0.0
0.0
0.0
0.0
0.0
0.0
0.0
0.0
0.0
0.0
0.0
0.0
0.0
0.0
0.0
0.0
0.0
0.0
0.0
0.0
0.0
0.0
0.0
0.0
0.0
0.0
0.0
0.0
0.0
0.0
0.0
0.0
0.0
0.0
0.0
0.0
0.0
0.0
0.0
0.0
0.0
0.0
0.0
0.0
0.0
0.0
0.0
0.0
0.0
0.0
0.0
0.0
0.0
0.0
0.0
0.0
0.0
0.0
0.0
0.0
0.0
0.0
0.0
0.0
0.0
0.271739130435
0.369286510591
0.0487736900781
0.0209030100335
8.51449275363
2.36204013378
1.99275362319
0.0
0.0
0.0
0.0
0.0
0.0
0.132385730212
2.84280936455
0.264771460424
1.45624303233
0.0696767001115
0.0
0.00696767001117
0.0
0.0
0.0
0.0
0.0
0.0
0.0
0.0
0.0
0.0
0.0
0.0
0.0
0.0
0.0
0.0
0.00696767001117
0.815217391304
6.53567447046
2.30629877369
0.863991081382
9.92196209588
0.961538461539
0.0
0.0
0.0
0.0
0.0
0.0
0.0
0.0
0.0
0.0
0.0
0.0
0.0
0.0
0.0
0.0
0.0
0.0
0.0
0.0
0.0
0.0
0.0
0.0
0.0
0.0
0.0
0.0
0.0
0.0
0.0
0.0557413600894
10.0891861761
5.55323299889
13.4963768116
13.0016722408
6.33361204013
0.229933110368
0.0
0.0
0.0
0.696767001115
9.33667781494
8.85590858417
7.59476031215
7.88043478261
8.25668896321
5.21181716834
2.1251393534
0.0487736900782
0.0
0.0
0.0
6.08974358975
7.51114827202
12.47909699
7.08612040134
0.0348383500557
0.0278706800446
0.0
0.0
0.0139353400223
0.0
0.0
0.0
0.0
0.0
0.0
0.0
0.0
0.0
0.0
0.0
0.0
0.0
0.0
0.0
0.0
0.0
0.0
0.0
0.0
0.0
0.0
0.0
0.0
0.0
0.0
0.0
0.0
0.0
0.0
0.0
0.0
0.0
0.0
0.0
0.0
0.0
0.0
0.0
0.0
0.0
0.0
0.0
0.0
0.0
0.0
0.0
0.0
0.0
0.0
0.0
0.0
0.0
0.0
0.327480490524
4.18060200669
0.0278706800446
0.0
0.0975473801561
0.0
0.0
1.37959866221
1.63043478261
6.07580824972
1.05211817168
0.0139353400223
0.0348383500557
0.0557413600893
0.0278706800446
0.0
0.0
0.0
0.00696767001117
0.00696767001117
0.00696767001117
0.0
0.0
0.0
0.0
0.0
0.0
0.0
0.0
0.0
0.0
0.0
0.0
0.0
0.0
0.0
0.0
0.0
0.0
0.0
0.0
0.0
0.0
0.0
0.0
0.0
0.0
0.0
0.0
0.0
0.0
0.0
0.0
0.0
0.0
0.0
0.0
0.0
0.0
0.0
14.6808807135
16.875696767
17.4679487179
14.0537904125
6.78651059086
0.0487736900781
0.0
0.0
1.46321070234
8.83500557414
16.1231884058
15.8444816054
14.367335563
14.3185618729
4.34085841695
1.83946488294
0.0
0.0975473801561
0.0209030100335
0.0139353400223
0.0
0.00696767001117
0.0
0.00696767001117
0.0696767001114
0.0
0.0
0.0
0.0
0.00696767001117
0.00696767001117
0.0557413600893
0.0139353400223
0.00696767001117
0.00696767001117
0.0209030100335
0.0
0.0
0.00696767001117
0.0278706800446
0.0
0.0
0.0
0.0
0.0
0.0
0.0
0.0
0.0
0.0
0.0
0.0
0.0
0.0
0.0
0.0
0.0
0.0
0.0
0.0
0.0
0.0
0.0
0.0
0.0
0.0
0.0
0.0
0.0
0.0
0.0
0.0
0.0
0.0
0.0
0.0
0.0
0.0
0.0
0.0
0.0
0.0
0.0
0.0
0.0
0.0
0.0
0.0
0.0
0.0
0.0
0.0
0.0
0.0
0.0
0.0
0.0
0.0
0.0
0.0
0.0
0.0
0.0
0.0
0.0
0.0
0.0
0.0
0.0
0.0
0.0
0.0
0.0
0.0
0.0
0.0
0.0
0.0
0.0
0.0
0.0
0.0
0.0
0.0
0.0
0.0
0.0
0.0
0.0
0.0
0.0
0.0
0.0
0.0
0.0
0.0
0.0
0.0
0.0
0.0
0.0
0.0
0.0
0.0
0.0
0.0
0.0
0.0
0.0
0.0
0.0
0.0
0.0
0.0
0.0
0.0
0.0
0.0
0.0
0.0
0.0
0.139353400223
0.0139353400223
0.0
0.0
0.0
0.0
0.0
0.0
0.0
0.0
0.0
0.0
0.0
0.0
0.0
0.0
0.0
0.0
0.0
0.0
0.0
0.0
0.0
0.0
0.0
0.0
0.0
0.0
0.0
0.0
0.0
0.0
0.0
0.0
0.0
0.0
0.0
0.0
0.0
0.0
0.0
0.0
0.0
0.0
0.0
0.0
0.0
0.0
0.0627090301004
0.0
0.0
0.0278706800446
0.111482720178
0.0
0.0
0.0
0.0
0.0
0.0
0.0
0.0
0.0
0.0209030100335
0.0278706800446
0.0
0.0
0.0
0.0
0.0
0.0
0.0
0.0949109644762
0.0
8.11733556299
16.1022853958
10.9113712374
9.43422519509
5.01672240803
3.22603121516
9.74080267559
11.8102006689
9.38545150502
7.47630992196
5.97826086956
5.44175027871
8.08946488294
7.92224080268
9.46209587515
9.01616499443
6.96767001115
11.6151059086
7.6226309922
3.9367335563
4.5011148272
12.9598662207
19.8648272018
19.4607023411
13.099219621
9.63628762541
12.3397435897
13.1619286511
19.0287068005
9.0579710145
0.438963210703
0.0627090301002
1.63043478261
6.94676700111
8.91861761428
14.7993311037
10.2006688963
19.5721850613
3.72073578595
2.41081382386
7.60869565218
3.35144927536
0.041806020067
0.0
0.0139353400223
0.431995540691
5.03762541806
10.7720178372
4.89130434783
5.01672240803
2.38991081382
4.04124860646
0.0
0.0
0.0
0.0
0.0
0.285674470457
1.07998885173
1.17056856187
0.00696767001117
0.00696767001117
0.0
0.0
0.0
0.0
0.0
0.0
0.0
0.0487736900781
0.0766443701228
0.0
0.0
0.0
0.0
0.0
0.0
0.0
0.0
0.0
0.0
0.0
0.0
0.0
0.0
0.0
0.0
0.0
0.0
0.0
0.0
0.0
0.0
0.0
0.0
0.0
0.0
0.0
0.0
0.0
0.0
0.0
0.0
0.0
0.0
0.0
0.0
6.49386845039
19.8090858417
2.68952062431
1.03818283166
0.926700111482
0.466833890747
0.54347826087
0.00696767001117
0.0
0.0
2.02759197324
3.47686733556
5.78316610925
5.622909699
2.92642140468
6.98857302118
8.6886845039
14.374303233
4.75195094761
0.0696767001116
0.536510590859
4.11789297659
6.61231884058
8.00585284281
11.9077480491
8.20094760312
1.22630992196
0.0766443701229
5.12123745819
0.278706800446
0.0
0.0
0.0
0.794314381271
9.46209587514
0.146321070234
0.0
0.0
0.0
0.0
0.0
0.0
0.0
0.0
0.0
0.0
0.0
0.0
0.0
0.0
0.0
0.0
0.0
0.0
0.0
0.0
0.0
0.0
0.0
0.0
0.0
0.0
0.0
0.0
0.0
0.0
0.0
0.0
0.0
0.0
0.0
0.0
0.0
0.0
0.0
0.0
0.0
0.0
0.0
0.0
0.0
0.0
0.0
0.0
0.0
0.0
0.0
0.0
0.0
0.0
0.0
0.0
0.0
0.0
0.0
0.0
0.0
0.0
0.0
0.0
0.0
0.0
0.0
0.0
0.0
0.0
0.0
0.0
0.0
0.0
0.0
0.00696767001117
0.0
0.0
0.0
0.0
0.0
0.0
0.0
0.0
0.0
0.0
0.0
0.0
0.0
0.0
0.0
0.0
0.0
0.0
0.0
0.0
0.0
0.0
0.0
0.0
0.0
0.0
0.0
0.0
0.0
0.0
0.0
0.0
0.0
0.0
0.0
0.0
0.0
0.0
0.0
0.0
0.0
0.0
0.0
0.0
0.0
0.0
0.0
0.0
0.0
0.0
0.0
0.0
0.0
0.0
0.0
0.0
0.0
0.0
0.0
0.0
0.0
2.1251393534
2.71739130435
0.0
0.0
4.18060200669
5.05156075808
0.634057971014
5.53929765886
0.0
0.0
0.0
0.0
0.0
0.0
0.0
0.0
0.0
0.0
0.0
0.0
0.0
0.0
0.0
0.0
0.0
0.0
0.0
0.0
0.0
0.0
0.0
0.0
0.0
0.0
0.0
0.0
0.0
0.0
0.0
0.0
0.0
0.0
0.0
0.0
0.0
0.0
0.0
0.0
0.0
0.0
0.0
0.0
0.0
0.0
0.0
0.0
0.0
0.0
0.00696767001117
0.0
0.0
0.0
0.0
0.0
0.0
0.0
0.0
0.0
0.0
0.0
0.0
0.0
0.0
0.0
0.0
0.0
0.0
0.0
0.0
0.0
0.0
0.0
0.0
0.0
0.0
0.0
0.0
0.0
0.0
0.0
0.0
0.0
0.0
0.0
0.0
0.0
0.00696767001117
0.0
0.0
0.00696767001117
0.0
0.0
0.0
0.00696767001117
0.00696767001117
0.00696767001117
0.0
0.0
0.0
0.0
0.0
0.0
0.0
0.0
0.0
0.0
0.0
0.0
0.0
0.0
0.0
0.0
0.0
0.0
0.0
0.00696767001117
0.0139353400223
0.0
0.0
0.0
0.0
0.0
0.0
0.0
0.0
0.0
0.0
0.0
0.0
0.0
0.0
0.0
0.0
0.0
0.0
0.0
0.0
0.0
0.0836120401338
1.67224080268
0.00696767001117
0.00696767001117
0.0
0.0
0.0
0.0
0.0
0.0
0.0
0.0
0.0
0.0
0.0
0.0
0.0
0.0
0.0
0.0
0.0
0.0
0.0
0.0
0.0
0.0
0.0
0.0
0.0
0.0
0.0
0.0
0.0
0.0
0.0
0.438963210702
3.55351170568
16.4715719064
13.5660535117
12.52090301
8.16610925307
1.08695652174
0.0
0.0
0.0
0.0
0.0
0.0
0.0
0.0139353400223
1.40746934225
1.67920847269
0.578316610926
0.00696767001117
0.0
0.0
0.0
0.0
0.0348383500557
0.0
0.912764771461
10.1031215162
8.58416945374
7.32302118172
0.0905797101448
0.0
0.0
0.0
0.0
0.0
0.0
0.0
0.0
0.0
0.0
0.0
0.0
0.0
0.0
0.0
0.0
0.0
0.0
0.0
0.0
0.0
0.0
0.0
0.0
0.0
0.0
0.0
0.0
0.0
0.0
0.0
0.0
0.0
0.0
0.0
0.0
0.0
0.0
0.0
0.0
0.0
0.0
0.0
0.0
0.0
0.0
0.0
0.0
0.0
0.0
0.0
0.0
0.0
0.0
0.0
0.0
0.0
0.0
0.0
0.0
0.0
0.752508361204
1.1217948718
0.0
0.0
0.0
0.0
0.0
1.71404682274
0.508639910815
0.0
1.53288740245
2.88461538462
2.16694537347
0.209030100334
0.0
0.0
0.0
0.00696767001117
0.0
3.97853957637
7.13489409141
5.33723522854
0.153288740245
0.0
0.0
0.0
0.0
0.0
0.0
0.0
0.264771460424
9.83138238572
13.5103121516
15.5030657748
24.6167781494
15.3637123746
17.6282051282
0.989409141583
0.195094760312
10.625696767
14.966555184
29.3338907469
30.2745261984
29.2990523969
20.3037904125
20.0738573021
17.0638238573
13.3918617614
10.6535674471
12.5348383501
11.9843924192
12.8065774805
6.05490523969
6.84225195095
5.17697881828
1.76978818283
0.0
0.0
0.0
0.0
0.0
0.0
0.0
0.0
0.0
0.0
0.0
0.0
0.0
0.0
0.0
0.0
0.0
0.0
0.0
0.0
0.0
0.0
4.17363433668
13.6078595318
5.89464882943
5.26059085842
7.67837235229
5.53929765886
10.2355072464
9.35758082498
10.625696767
0.459866220736
0.0139353400223
0.0
0.00696767001117
1.97185061315
8.04765886288
10.1797658863
12.6184503902
13.2943143813
3.52564102564
1.08695652174
0.0
0.0
0.0
0.0
0.0
0.933667781494
3.44202898551
0.153288740245
0.0
0.0
0.0
0.0
0.0
0.0
0.0
0.0
0.0
0.0487736900781
2.28539576366
5.50445930881
0.0
0.0
0.0
0.0
0.0
0.0
0.0
0.0
0.0
0.0
0.0
0.0
0.0
0.0
0.209030100335
3.40022296544
2.54319955407
0.36231884058
0.0
0.0
0.0
0.557413600892
7.69230769231
15.2382943144
11.3991081382
4.51505016722
6.92586399108
9.97073578595
11.3573021182
1.26811594203
0.0209030100335
0.438963210703
0.00696767001117
5.82497212932
3.71376811594
0.0
0.0
0.0
0.0
0.0
0.0
0.0
0.0
0.0
0.0
0.0
0.0
0.0
0.0
0.0
0.0
0.0
0.0
0.0
0.0
0.0
0.411092530658
10.0822185061
8.6886845039
11.8171683389
20.8542363434
13.6566332219
1.51198439242
0.0
0.0
0.00696767001117
0.0
0.00696767001117
0.773411371237
2.33416945374
8.54236343367
1.80462653289
0.00696767001117
0.0
0.0
0.0
0.0
0.0
0.00696767001117
0.0
0.0
0.0
0.0
0.459866220736
2.77313266444
1.71404682274
4.8146599777
3.21906354515
2.48745819398
1.03121516165
0.11845039019
0.0
0.00696767001117
0.0
0.452898550725
0.36231884058
0.529542920848
0.0
0.0
0.0
0.0
0.48076923077
0.515607580825
0.66889632107
1.42140468227
0.0
0.0
0.0
0.0
0.0
0.0
0.0
1.77675585284
1.73494983278
0.0
0.0
0.00696767001117
6.50083612041
14.6251393534
11.5872352285
9.67809364549
7.90133779264
4.22937569677
1.91610925307
0.0209030100335
0.0
0.0
0.0139353400223
3.10061315496
9.60144927536
13.9423076923
17.7396878484
19.6139910814
17.0080824972
21.4673913044
14.5484949833
13.4127647715
10.6814381271
2.17391304348
1.38656633222
5.7483277592
0.215997770346
0.0
0.0
0.0
0.0
0.0
0.0
0.0
0.0
0.0
0.0
0.0
0.0
0.0
0.0
0.0
0.0
0.0
0.0
0.0
0.0
0.0
0.0
0.0
0.0
0.0
0.0
0.0
0.0
0.0
0.0
0.0
0.0
0.0
0.0
0.0
0.0
0.0
0.0
0.0
0.0
0.0
0.0
0.0
0.0
0.0
0.0
0.0
0.0
0.0
0.0
0.0
0.0
0.0
0.0
0.0
0.0
0.0
0.0
0.0
0.0
0.0
0.0
0.0
0.0
0.0
0.0
0.0
0.0
0.0
0.0
0.0
0.0
0.0
0.0
0.0
0.0
0.0
0.0
0.0
0.0
0.0
0.0
0.0
0.0
0.0
0.0
0.0
0.0
0.0
0.0
0.0
0.0
0.0
0.0
0.0
0.0
0.0
0.0
0.0
0.0
0.0
0.0
0.0
0.0
0.0
0.0
0.0
0.0
0.0
0.0
0.0
0.0
0.0
0.0
0.0
0.0
0.0
0.0
0.0
0.0
0.0
0.0
0.0
0.0
0.0
0.0
0.0
0.0
0.0
0.0
0.0
0.0
0.0
0.0
0.0
0.0
0.0
0.0
0.0
0.0
0.0
0.0
0.0
0.0
0.0
0.0
0.0
0.0
0.0
0.0
0.0
0.0
0.0
0.0
0.0
0.0
0.0
0.0
0.0
0.0
0.0
0.0
0.0
0.0
0.0
0.0
0.0
0.0
0.0
0.0
0.0
0.0
0.0
0.0
0.0
0.0
0.0
0.0
0.0
0.0
0.118450390189
1.4980490524
3.67892976589
6.82134894091
3.28177257525
9.47603121517
0.877926421405
0.0
0.0
0.0
0.0
0.0
0.0
0.0
0.0
0.0
0.0
0.0
0.0
0.0
0.0
0.0
0.0
0.0
0.0
0.0
0.0
0.0
0.0
0.0
0.0
0.0
0.0
0.0
0.0
0.0
0.0
0.0
0.0
0.0
0.00696767001117
1.51895206243
4.48021181717
0.0418060200671
0.0
0.0
0.0
0.215997770346
4.71711259755
3.98550724638
6.48690078038
3.76254180602
5.15607580825
1.31688963211
2.0624303233
5.73439241918
1.49108138239
0.0627090301004
1.88127090301
9.65022296545
8.36817168339
10.1309921962
0.466833890747
0.954570791527
0.682831661093
0.961538461539
1.79765886288
0.383221850613
0.0278706800446
6.40328874025
5.71348940914
10.5072463768
8.01978818283
9.04403567447
8.61204013378
14.7714604236
10.4096989967
6.75863991082
6.29877369008
2.15301003344
0.452898550725
0.0139353400223
0.745540691193
8.31939799331
9.94286510591
6.05490523969
8.28455964326
15.9838350056
19.5861204013
13.0783166109
13.141025641
7.42753623188
3.53957636566
3.76950947603
0.550445930881
2.89158305463
5.6856187291
3.60228539576
4.96794871795
8.22185061316
9.15551839465
5.25362318841
0.982441471572
0.00696767001117
0.0
0.0
0.0
0.0
0.0
0.0
0.0
0.0
0.0
0.0
0.0
0.0
0.0
0.0
0.0
0.0
0.0
0.0
0.0
0.0
0.0
0.0
0.0
0.0
0.0
0.0
0.0
0.0
0.0
0.0
0.0
0.0
0.0
0.0
0.0
0.0
0.0
0.0
0.0
0.0
0.0
0.0
0.0
0.0
0.0
0.0
0.0
0.0
0.0
0.0
0.0
0.0
0.0
0.0
0.0
0.0
0.0
0.0
0.0
0.0
0.0
0.0
0.0
0.0
0.0
0.0
0.0940635451509
0.00696767001117
0.0
0.0
0.0
0.0
0.0
0.0
0.0
0.0
0.0209030100335
0.0
0.0
0.0
0.00743218134524
0.0
0.0
0.0
0.0
0.0
0.0
0.0
0.0
0.0
0.0
0.0
0.0
0.0
0.0
0.0
0.0
0.0
0.0
0.0
0.0
0.0
0.0
0.0
0.0
0.0
0.0
0.0
0.0
0.0
0.0
0.0
0.0
0.0
0.0
0.0
0.0
0.0
0.0
0.0
0.0
0.0
0.0
0.0
0.0
0.0
0.0
0.0
0.0
0.0
0.0
0.0
0.0
0.0
0.0
0.0
0.0
0.0
0.0
0.0
0.0
0.0
0.515607580825
0.390189520624
0.0348383500557
0.0139353400223
0.348383500558
0.320512820513
0.00696767001117
0.0
0.0
0.0
0.0
0.0
0.0
0.0
0.0
0.0
0.0
0.0
0.0
0.0
0.0
0.0
0.0
0.0
0.0
0.0
0.0
0.0
0.0
0.0
0.0
0.0
0.0
0.0
0.0
0.0
0.0
0.0
0.0
0.0
0.0
0.0
0.0
0.0
0.0
0.0
0.0
0.0
0.0
0.0
1.23327759197
3.66499442586
5.03762541806
0.808249721293
0.0139353400223
0.0
0.0
0.0
0.0
0.0
0.578316610925
4.15273132664
8.64687848384
8.52842809365
6.59838350056
6.91192865106
1.26114827202
0.0348383500558
0.00696767001117
0.0
0.0
0.0
0.0
0.0
0.0
0.0
0.0
0.0
0.0
0.0
0.0
0.0
0.0
0.0
0.0
0.0
0.0
0.0
0.0
0.0
0.0
0.0
0.0
0.0
0.0
0.0
0.0
0.0
0.0
0.0
0.0
0.0
0.0
0.0
0.0
0.0
0.0
0.0
0.0
0.0
0.0
0.0
0.0
0.0
0.0
0.0
0.0
0.0
0.0
0.0
0.0
0.0
0.0
0.0
0.0
0.0
0.0
0.0
0.0
0.0
0.0
0.0
0.0
0.0
0.0
0.0
0.0
0.0
0.0
0.0
0.0
0.0
0.0
0.0
0.0
0.0
0.0
0.0
0.0
0.0
0.0
0.0
0.0
0.0
0.0
0.0
0.0
0.0
0.0
0.0
0.0
0.0
0.0
0.0
0.0
0.0
0.0
0.0
0.0
0.0
0.0
0.0
0.0
0.0
0.0
0.0
0.0
0.0
0.0
0.0
0.0
0.0
0.0
0.0
0.0
0.0
0.0
0.0
0.0
0.0
0.0
0.0
0.0
0.0
0.0
0.0
0.0
0.0
0.0
0.0
0.0
0.0
0.0
0.0
0.0
0.0
0.0
0.0
0.0
0.0
0.0
0.0
0.0
0.0
0.0
0.0
0.0
0.0
0.0
1.79765886288
2.4386845039
0.0348383500558
0.0
0.0
0.0
0.0
0.0
0.0
0.0
0.0
0.0
0.0
0.0
0.0
0.0
0.0
0.0
0.0
0.0
0.0
0.0
0.0
0.0
0.0
0.0
0.0
0.0
0.0
0.0
0.0
0.0
0.0
0.0
0.0
0.0
0.0
0.0
0.0
0.0
0.0
0.0
0.0
0.0
0.0
0.0
0.0
0.0
0.0
0.0
0.0
0.0
0.0
0.0
0.0
0.0
0.0
0.0
0.0
0.54347826087
3.56744704571
3.65802675585
5.70652173913
3.69286510591
0.111482720179
0.00696767001117
0.0
0.0
0.0
0.0
0.0
0.0
0.0
0.0
0.0
0.0
0.0
0.0
0.0
0.0
0.0
0.0
0.0
0.0
0.0
0.0
0.0
0.0
0.0
0.0
0.0
0.0
0.0
0.0
0.0
0.0
0.0
0.0
0.0
0.0
0.0
0.0
0.0
0.0
0.0
0.0
0.0
0.0
0.0
0.0
0.0
0.0
0.0
0.0
0.0
0.0
0.0
0.0
0.0
0.0
0.0
0.0
0.0
0.0
0.0
0.0
0.0
0.0
0.0
0.0
0.0
0.0
0.599219620959
0.0
0.0
0.0
0.0
0.0
0.0
0.0
0.0
0.0
0.0
0.0
0.0
0.0
0.0
0.0
0.0
0.0
0.0
0.0
0.0
0.0
0.0
0.0
0.0
0.0
0.0
0.0
0.0
0.0
0.0
0.0
0.0
0.0
0.0
0.0
0.0
0.0
0.0
0.0
0.0
0.0
0.0
0.0
0.0
0.0
0.0
0.0
0.0
0.0
0.0
0.0
0.0
0.0
0.0
0.0
0.0
0.0
0.0
0.0
0.0
0.0
0.0
0.0
0.0
0.0
0.0
0.0
0.0
0.0
0.0
0.0
0.0
0.0
0.0
0.0
0.0
0.0
0.0
0.0
0.0
0.0
0.0
0.0
0.0
0.0
0.0
0.0
0.0
0.0
0.0
0.0
0.0
0.0
0.0
0.0
0.0
0.0
0.0
0.0
0.0
0.0
0.0278706800446
0.00696767001117
0.0
0.0
0.0
0.0
0.0
0.0
0.0
0.0
0.0
0.0
0.0
0.0
0.515607580825
0.0
0.0
0.0
0.0
0.0
0.0
0.0
0.0
0.0
0.0
0.0
0.0
0.0
0.0
0.0
0.0
0.0
0.0
0.0
0.0
0.0
0.0
0.0
0.0
0.0
0.0
0.0
0.0
0.0
0.0
0.0
0.0
0.0
0.0
0.0
0.0
0.0
0.0
0.0
0.0
0.0
0.0
0.0
0.0
0.0
0.0
0.0
0.0
0.0
0.0
0.0
0.0
0.0
0.0
0.0
0.0
0.0
0.0
0.0
0.0
0.0
0.0
0.0
0.0
0.0
0.0
0.0
0.0
0.0
0.0
0.0
0.0
0.0
0.0
0.0
0.0
0.236900780379
0.0
0.0
0.0
0.0321584769745
0.0418060200669
0.0
0.00696767001117
0.0
0.0209030100335
2.52926421405
3.73467112598
0.0766443701226
0.0
0.0
0.0
0.0
0.0
0.0
0.0
0.0
0.884894091416
6.22212931996
9.07887402452
14.1722408027
8.01282051282
3.06577480491
1.10089186176
0.0
0.0
0.0
0.0
0.00696767001117
0.0
0.390189520625
2.66861761427
5.73439241917
6.11064659978
9.39241917503
5.05156075808
1.20540691193
0.870958751394
0.313545150502
0.42502787068
2.42474916388
4.85646599777
2.8149386845
3.40719063545
5.37904124861
5.96432552954
7.78288740246
7.52508361204
4.90523968785
1.03121516165
0.0
0.0
0.0
0.766443701227
3.12151616499
3.50473801561
2.63377926422
4.02731326644
3.12848383501
4.45930880714
3.66499442586
0.174191750279
0.0
0.0
0.0
0.654960981048
8.32636566332
5.25362318841
2.84280936455
3.74163879599
0.696767001115
0.0278706800446
0.0
0.0
0.0
0.0
0.0
0.0
0.0
0.0
0.0
0.0
0.0
0.0
0.0
0.0
0.0
0.0
0.0
0.0
0.0
0.0
0.0
0.0
0.0
0.550445930881
0.773411371238
0.0
0.0
0.0
0.0
0.0
0.0
0.0
0.0
0.0
0.0
0.0
0.0
0.0766443701225
0.0
0.0
0.0
0.0
0.0
0.0
1.33082497213
3.72770345597
3.42112597547
4.01337792642
0.0696767001116
0.0557413600893
0.0
0.0
0.0
1.07302118172
0.459866220736
0.334448160536
0.536510590859
0.0278706800447
0.0139353400223
0.982441471572
1.88823857302
0.592251950948
0.00696767001117
0.0
0.0
0.0
0.0
0.0
0.0
0.0
0.0
0.0
0.0
0.0
0.0
0.0
0.0
0.0
0.0
0.0
0.0
0.0
0.0
1.47017837235
0.209030100335
0.0
0.0
0.0
0.0
0.0
0.0
0.0
0.0
0.0
0.0
0.0
0.0696767001115
1.74191750279
0.348383500558
0.0348383500558
0.160256410257
0.0209030100335
1.44927536232
0.557413600892
0.0
0.0
0.0
0.0139353400223
0.0
0.0
0.0
0.0
0.0
0.0
0.0
0.0
3.74163879599
0.146321070234
0.0
0.0
0.0
0.0
0.0
0.0
0.0
0.0
0.0
0.0
0.0
0.0
0.0
0.0
0.0
0.0
0.0
0.0
0.0
0.0
0.0
0.42502787068
2.69648829431
5.26059085842
7.10702341137
0.843088071349
0.0278706800446
0.0
0.0
0.0
0.00696767001117
16.1092530658
30.3093645485
13.740245262
12.7090301003
8.27062430323
21.3907469342
7.9361761427
11.9983277592
4.75891861761
0.0766443701227
0.0
0.00696767001117
0.0139353400223
0.0
0.438963210703
2.52926421405
1.8115942029
2.41778149387
0.536510590858
0.11845039019
0.0
0.0
0.0
0.0
0.0
0.348383500557
4.19453734671
5.70652173913
6.10367892977
1.94397993311
0.0
0.0
0.00696767001117
0.0
0.0
0.0
0.0
0.0
0.0
0.0
0.0
0.0
0.0
0.0
0.0
0.0
0.0
0.0278706800447
0.174191750279
0.0
0.0
0.0
0.0
0.0
0.0
0.0
0.0
0.0
0.0
0.0
0.0
0.0
0.0
0.0
0.0
0.0
0.0
0.0
0.0
0.0
0.0
0.0
0.0
0.0
0.0
0.0
0.0
0.0
0.0
0.0
0.0
0.0
0.0
0.0
0.0
0.0
0.0
0.0
0.0
0.0
0.0
0.0
0.0
0.0
0.0
0.0
0.0
0.0
0.0
0.0
0.0
0.0
0.0
0.0
0.0
0.0
0.0
0.0
0.0
0.0
0.0
0.0
0.0
0.0
0.0
0.0
0.0
0.0
0.0
0.0
0.0
0.0
0.0
0.0
0.0
0.0
0.0
0.0
0.0
0.0
0.0
0.0
0.0
0.0
0.0
0.0
0.0
0.0
0.0
0.0
0.0
0.0
0.0
0.0
0.0
0.0
0.0
0.0
0.0
0.0
0.0
0.0
0.0
0.0
0.0
0.0
0.0
0.0
0.0
0.0
0.0
0.0
0.0
0.0
0.0
0.0
0.0
0.0
0.0
0.0
0.0
0.0
0.0
0.0
0.0
0.0
0.0
0.0
0.0
0.0
0.0
0.0
0.0
0.0
0.0
0.0
0.0
0.0
0.0
0.0
0.0
0.0
0.0
0.0
0.0
0.0
0.0
0.0
0.0
0.0
0.0348383500557
0.0
0.0
4.6265328874
5.95735785953
4.70317725752
5.44871794872
9.69202898551
7.84559643255
7.19760312152
5.30936454849
6.08277591973
2.23662207358
0.0
0.00696767001117
0.975473801561
3.48383500557
3.27480490524
5.60897435897
7.8107580825
3.08667781494
0.00696767001117
0.0
0.0
0.0
0.0
0.0
0.0
0.536510590858
1.58862876254
1.65133779264
0.0557413600893
0.0
0.0
0.0
0.0
0.0
0.0
0.0
0.0
0.0
0.0
0.0
0.0
0.0
0.0
0.0
0.0
0.0
0.0
0.0
0.0
0.0
0.0
0.0
0.0
0.0
0.0
0.0
0.0
0.0
0.0
0.0
0.0
0.0
0.0
0.0
0.0
0.0
0.0
0.0
0.0
0.0
0.0627090301004
0.0696767001117
0.0
0.0
0.0
0.0
0.0
0.0
0.0
0.0
0.0
0.0
0.0
0.0
0.0
0.0
0.0
0.0
0.0
0.0
0.0
0.0
0.0
0.0
0.0348383500557
0.0
0.0
0.0
0.0
0.0
0.0
0.0
0.0
0.0
0.0
0.0
0.0
0.0
0.0
0.0
0.0
0.0
0.0
0.0
0.0
0.0
0.0
0.0
0.0
0.0
0.0
0.0
0.0
0.0
0.0
0.0
0.0
0.0
0.0
0.0
0.0
0.0
0.0
0.0
0.0
0.0
0.0
0.0
0.0
0.0
0.0
0.0
0.0
0.0
0.0
0.0
0.0
0.0
0.0
0.0
0.0
0.0
0.0
0.0
0.0
0.0
0.0
0.0
0.0
0.0
0.0
0.0
0.0
0.0
0.0
0.0
0.0
0.0
0.0
0.0
0.0
0.0
0.0
0.0
0.0
0.0
0.0
0.0
0.0
0.0
0.0
0.0
0.0
0.0
0.0
0.0
0.0
0.0
0.0
0.0
0.0
0.0
0.0
0.0
0.0
0.0
0.0
0.0
0.0
0.0
0.0
0.0
0.0
0.0
0.0
0.0
0.0
0.0
0.0
0.0
0.0
0.0
0.0
0.0
0.0
0.0
0.0
0.0
0.0
0.0
0.0
0.0
0.0
0.0
0.0
0.0
0.0
0.0
0.0
0.0
0.0
0.0
0.0
0.0
0.0
0.0
0.0
0.0
0.0
0.0
0.0
0.0
0.0
0.0
0.0
0.0
0.0
0.0
0.0
0.0
0.0
0.0
0.0
0.0
0.0
0.0
0.0
0.0
0.0
0.0
0.0
0.0
0.0
0.0
0.0
0.0
0.0
0.0
0.0
0.0
0.0
0.0
0.0
0.0
0.0
0.0
0.0
0.0
0.0
0.0
0.0
0.0
0.0
0.0
0.0
0.0
0.0
0.0
0.0
0.0
0.0
0.0
0.0
0.0
0.0
0.0
0.0
0.0
0.0
0.0
0.0
0.0
0.0
0.0
0.0
0.0
0.0
0.0
0.0
0.0
0.0
0.0
0.0
0.0
0.0
0.0
0.0
0.0
0.0
0.0
0.0
0.0
0.0
0.0
0.0
0.0
0.0
0.0
